0
-4
-4
-8
0
8
36
64
92
104
112
104
84
56
20
-20
-52
-96
-120
-136
-140
-136
-112
-88
-44
-12
28
64
92
104
112
104
84
56
20
-20
-52
-96
-120
-136
-140
-136
-112
-88
-44
-12
28
64
92
108
116
108
88
64
24
-16
-48
-92
-120
-136
-140
-136
-112
-88
-44
-12
28
64
92
108
116
108
88
60
20
-20
-52
-96
-120
-136
-140
-136
-112
-88
-44
-12
28
64
92
104
112
104
84
56
20
-16
-48
-88
-112
-128
-136
-136
-116
-96
-52
-20
24
56
88
100
108
100
84
56
20
-20
-52
-96
-120
-140
-144
-144
-120
-96
-48
-20
24
60
88
104
116
112
92
64
24
-12
-48
-88
-112
-128
-136
-136
-116
-92
-48
-16
28
64
92
104
112
104
84
60
24
-16
-48
-92
-120
-140
-144
-140
-116
-92
-44
-16
24
60
88
104
116
112
92
64
24
-16
-52
-92
-116
-132
-136
-132
-112
-88
-44
-12
28
60
88
100
108
104
88
64
28
-12
-48
-88
-116
-136
-140
