0 1
79 1
0 0
207 1
0 1
255 1
-1 1
207 1
-1 1
79 1
-1 1
-80 1
-1 1
-208 1
-1 1
-256 1
0 1
-208 0
0 1
-80 0
0 1
79 1
0 1
207 1
0 1
255 1
-1 1
207 1
-1 1
79 1
-1 1
-80 1
-1 0
-208 1
-1 1
-256 1
0 1
-208 1
0 1
-80 1
0 1
79 1
0 1
207 1
0 1
255 0
0 1
207 1
-1 1
79 1
0 0
-80 1
-1 0
-208 1
-1 1
-256 1
0 1
-208 1
0 1
-80 1
0 1
79 1
0 1
207 1
0 1
255 1
0 0
207 1
-1 1
79 0
-1 0
-80 1
-1 0
-208 1
-1 1
-256 1
0 1
-208 1
0 1
-80 1
0 1
79 1
0 1
207 1
0 1
255 1
-1 1
207 1
-1 1
79 0
-1 1
-80 0
0 1
-208 1
0 1
-256 1
0 1
-208 1
-1 1
-80 1
-1 1
79 1
0 1
207 1
-1 0
255 1
-1 1
207 1
-1 1
79 1
-1 1
-80 1
-1 1
-208 1
-1 1
-256 1
-1 1
-208 1
-1 1
-80 0
0 1
79 1
-1 1
207 1
0 1
255 1
0 1
207 1
0 1
79 1
-1 1
-80 1
0 1
-208 1
0 1
-256 0
0 1
-208 1
-1 1
-80 1
0 1
79 1
0 0
207 1
0 1
255 1
-1 1
207 1
-1 0
79 0
0 1
-80 1
-1 1
-208 0
-1 1
-256 1
-1 1
-208 1
0 1
-80 1
0 1
79 1
-1 1
207 0
0 1
255 1
0 1
207 1
0 1
79 1
-1 1
-80 1
-1 0
-208 1
0 1
-256 1
0 0
-208 1
0 1
-80 1
0 1
79 1
0 1
207 1
-1 1
255 1
-1 1
207 1
0 1
79 1
0 1
-80 1
-1 1
-208 1
0 1
-256 1
-1 1
-208 1
0 1
-80 1
-1 1
