88
68
40
8
-32
-60
-104
-128
-144
-148
-136
-116
-80
-40
12
48
84
96
100
88
68
40
8
-32
-60
-104
-128
-144
-144
-136
-112
-88
-44
-16
24
56
84
100
108
96
76
40
0
-52
-92
-132
-148
-152
-140
-100
-52
20
60
84
100
108
96
76
40
0
-40
-56
-100
-136
-144
-112
-88
-44
-16
24
56
84
96
100
88
68
40
8
-28
-52
-92
-112
-132
-136
-136
-120
-100
-60
-28
16
48
76
88
92
84
68
40
8
-32
-60
-104
-128
-156
-148
-112
-56
-24
20
52
80
108
100
48
-8
-40
-56
-88
-108
-128
-136
-136
-120
-96
-52
-20
24
56
84
92
76
48
24
-20
-68
-124
-148
-156
-144
-120
-92
-44
-20
16
48
76
104
104
64
16
-28
-60
-100
-120
-136
-136
-132
-112
-88
-44
-16
24
52
76
88
92
88
76
52
24
-20
-52
-96
-120
-140
