88
64
40
8
-32
-60
-104
-128
-152
-132
-80
-16
8
36
56
84
96
100
88
68
40
12
-44
-100
-144
-148
-148
-136
-112
-88
-44
-12
24
64
64
56
52
56
52
-12
-88
-132
-152
-148
-140
-112
-88
-44
-16
20
56
80
124
148
112
16
-100
-148
-152
-148
-136
-112
-88
-44
-16
24
56
84
100
104
92
60
24
-20
-80
-108
-132
-136
-136
-120
-100
-64
-28
8
72
124
140
108
60
40
4
-32
-60
-104
-128
-148
-156
-148
-124
-68
-20
24
48
76
96
108
100
84
52
16
-24
-56
-96
-92
-80
-84
-104
-100
-64
0
56
96
108
104
96
60
12
-32
-68
-100
-144
-148
-120
-88
-44
-12
-4
16
48
92
108
84
56
20
-40
-96
-132
-160
-188
-164
-108
-44
-12
24
52
76
88
92
88
76
52
24
-20
-52
-96
-120
-140
-144
