100
88
68
40
8
-32
-60
-104
-128
-144
-144
-136
-112
-88
-48
-16
16
76
120
116
64
0
-32
-64
-104
-128
-144
-144
-136
-112
-88
-44
-16
24
56
84
100
108
96
76
48
16
-24
-52
-100
-128
-144
-144
-136
-112
-88
-44
-16
24
56
84
100
108
96
76
44
8
-32
-60
-104
-128
-144
-144
-136
-112
-88
-44
-16
24
56
84
96
100
88
68
40
8
-28
-52
-92
-112
-132
-136
-136
-120
-100
-60
-28
16
48
76
88
92
84
68
44
16
-32
-88
-148
-156
-132
-100
-52
-24
16
48
76
96
108
100
84
56
20
-44
-108
-156
-152
-124
-96
-52
-20
24
56
84
96
100
88
68
44
16
-24
-52
-100
-128
-148
-152
-144
-120
-92
-44
-20
16
48
76
96
108
100
84
52
16
-28
-60
-100
-120
-136
-136
-132
-112
-88
-44
-16
24
52
76
88
92
88
76
52
24
-20
-52
-96
-120
-140
-144
