XXXXXXXXXXXXXXXXXXXXXXXXXXXXXXXXXXXXXXXXXXXXXXXXXXXXXXXXXXXXXXXX
0010101101001101110011001110111011001110011111011100011111101010
1010110101111010000010111101101100000010010110110101101000111110
0000111110001101100010001110111010100110100011001011111000100111
0000000101011110000110011101010000101111010110010011011001110101
0011001111111011111111010101101011001101101101101100110010101110
1100010011001001100111000000011010101000110011101011101011011000
1001001100010101110100101010000000011111010100001100111000001111
0011011011111011101111011100101110101110110001000001001110010110
0011010001100001010000011011101111101110101011111110100010010111
0001101111111110100001001010110110010000101100001110000000101011
0001001000010001001011110111101000100011011100111000110101010011
0001100010010101100110010000100111001111000110011100011001100001
0010000110111110000110011011111110000010111111101110001001001110
0000010000111100011110111110000001111110100101111110010101101011
0100011101101111000101101111110101101101001100010101010110000000
0010011110101001011111110110100000110000011001011111011011001000
0100101011011000100001000000101001111101011011111011001111101111
1001101000110110011110010110101111010111101000010101100101000101
0000010110101101001100101001001000010110010101000001100110100010
0011101110011101100010001001101110010111100010001110101111110110
0101000100010110100100010001101000101011101101001111110011101110
0110111100101111110010011011011010110000100000011111101100100000
0001011001011001000010101100111011110101011000001101101110111000
0110011001101010111101110110001111011001010010001001100001000110
0010001110010100111010110110110011011110000111100001111011011010
1010110011010000010100011110000001111000111010110110011001110110
0100000000011001010101010110101001111111110110100100011001000110
0111111110101001001111111111001100000011011011011010000110100000
1011110100101000011101110000111101100110111100101011111001100001
1001111001001101111011101101011000010111001001110110001110001000
0100101100101101011000000110010011010100001110111101101110100011
1101110010010001000101010000011101101010110011100001101110101000
1000111101111101001101011111011110000110011101110010101010011100
0001100010100001000111001100010011010000111110001011001111111000
0011000100100010111110001010001000110101100101011001101011000100
0000011110111101100100100010111010100001011110101101001101000010
0100010001011000111010111010000111001000010001100010010000101111
1000000100010101001010111101110111111001100101110111111001101110
1100100001010001010101101011110011001011111010000111101111000000
0100111000000110100011000100001101111000001011110101100001101100
0001010011000101101101000010110000101010001100011111111010010000
0011100000010011101000100001101111011111110011001101010000000100
0101011011100111010111101001101011100111010111111111011001110001
0001001111000100010010100111110001001001101010000001101010001110
1011101001100001110000000011100111011100011010001001111100110100
0000000110100010100110001110011100111011010000011011100011011111
0011100111011011101110001101001001011100111101111011011110111100
0000001110100000010010101110100011000101111100100011110100000000
1010111000000011110010100001010111111100110011001101100000000010
0000100011000010001011011000110110111010110001001101001101110100
1001100100100100001100100100100111100001010010110101010101000100
0111110101001100110111010101001110001101111110101001110000100010
1000111010100011010000011000100101101001001101011001110111101000
0000001100001111101011101100100010010011010010011100010111000010
1100111110010100101111010100100000110111001110110100111100111000
0010110100111110100001001010000010100111100010000100101001101100
0000110000010001110110001110110110100111101110011101000001000011
1010001010000010100010010101010000000110000010011010111101000011
0000101001110011010001010001100100000100101011110100000111111011
1100011101101000010010100000100010001110111101010001101110110111
0101001100011101111111111101001001001110010111100100100100100011
0000010111110110111001101000001101000000110101001101011101101010
0001110101010101110100101001011001110101001111011111100110001100
0011100011110011101111010100001011110101100101101111001010111001
1011000101100101011101001110000000111010001001111101101111100100
0000011001000111000100000000111100010100101101110000101001010000
0000111110110010010101000110100000000101001000100101110111111100
0000101010110100000000100000111001010101110010100111011001101011
0000111111111110111001101110100100101001000111010111010110010000
1011111001101100110100101011110000011000100101110100001111100000
1000001101100110001001011101100000011001111111011000010100110000
1010010100111111000110010010010011101010111000000111011010011011
0000010010101101000010000011010000111011111101111101100110110100
0011011111010111111010000011011101000101000110110111000111100000
0000000110001000011000010010011001000100110001101111001110000000
0000000110000111111100110111111000010101011010110110001100100100
0011010011001000110101001010110101011011111110010110110100110110
0001011011111100100100001101110101110010011000011101101110101010
0100001000100001101011011100011000000011000110000100010001011010
0001010110001010011111001000011101011001000110110101111110010100
1000111010110000100000010011100100001001010000101100000111100000
1001001100001100000001011110000101011010010011100111110110110011
0001010000111010111110011011111111111100111101100100101001100010
0011010010111000010010011001101001100111000101100011001001000011
0110001010010101110011001111010011010001000011111100000011111110
0001010010011001010000010100101011001100010010110011111110011110
1001000011110111001101101011000111110000011011011001111111001000
0000000011001100001010101100001001001100011010001100111001011001
0011011011101000000000011010011011110100011001000001110100011100
