11000100011100001000010000111101 00111000011011110000010000110010
11000110000101100100011100110101 11100000001100011101001100000110
10000000010000100101111111000101 00011111000010101111100011111011
00001101101110010001111100100101 00011001100000110000000100010001
00111011100001001100101111000111 11011111100101111110000111100010
11100010011111001101111100001100 11011110011011100000000100010010
11111111001011011010010111100001 10010011100011110001000111101111
01000110100101011011011111000010 11000111011010100111101100101011
01001100010011111001110010111011 10101111101101111111001111010101
00111010110111000010111011101101 01111001110000010101000001110111
00100011000010100001010011001111 10000011111111111110100000111101
01100000100100001111111001010111 01000001001011000111111000000111
10011111011101110001110101101010 00110110001010110100110111101011
01110101101000101100100110001011 00001001001110000000111110100001
10001110110000100111001011000000 10000000000110001101110101000010
10011111100110001011000110101011 00111111100111101010110001011000
01001110001001111111101110011001 11110101001010000010000011000111
11111011110111110010011110011101 10011100101111011000101111001001
00001111101010110000001110000101 01011100101111111100111110111010
11010011011110001100001110011010 01001000001010110000111011100111
01100101011001100000010101000001 11001100101110001111101101101110
10000001010000111101000111000001 11011100001100101000001100100000
01000111110001110000110001101101 01001111101101001000011110011000
11010000100110011010000111110010 01111101101100001010100011111011
01101001011111111001001110110010 01010110010101111000000110110101
11010100001110010101000011001110 11010000011101011110101000001101
01000010000110110001100010010011 11111000001110100110101001100010
10111101011111011101100101111110 10101100011101111101001100110000
11011100101101010110100011001001 11011011011001111000110011011001
10101111111111000111111111101010 11100110010001110110010000110100
10010111011111100000000001100001 01111111000010011110101010000011
11011100100110101000110000011010 11111111111101010000010000100100
11010101101001100000110011011111 10101011111011101100110011100100
01000010101010011011110101111000 01011110100101001111001000110001
10101110100110111100111110011001 01001000000010100111101101100100
00101100100110011011001011001111 00101100011011011111000100011110
11101100110000001010010111111111 01001001111001110110000111010001
10001011100011100101001000111001 11101100110010011011100111011110
11110101000110111100011101000000 11010001001110000000101101111011
10001011110111100111010111111011 10001110110011110001100110000100
00010110111011111011010011001100 11100111110110001001100111001100
01110010111110100010001010011110 01111100110110110100000101011110
01011011000001010000011100000111 11110100011011001000000011000111
10101111100010010011110100011010 00011100110100111110000000100011
11111111100011000010001101100110 10111010101101100100000011111110
10000001100110101011001100111001 00000011001110101101010011010111
00111110111101000010011010101100 11101011010001111001000011001101
00001010101000110001010110100000 01010111010001010000111010001000
10110101101101110101010110110010 11110101001001101000000101101001
01011001001000001000101111100100 00011001001010000011011000000101
11010001111000100101100110111110 10111010110010100010011110011110
10100000010101001011001111010010 11001000000100010001000111101001
11011001111001100110001010011000 10100111100100111111110110101111
11011000000100110001010001010110 00000011101000000111110100100011
11100011100110000001010111011100 11101001011111010011011000100010
00110000011000111110111011010110 11101111010110110001101100100010
00010101010100011100101100101111 10010000111011100011011100101101
10101110010001001111011111010011 11101110101110011011010011010001
00010010011101100100000010011101 10010000111010000100110101110111
11110101001010101101101100001111 11010000001101111101010011011001
10000011001110010011101110010001 10100010001001101001011101110011
11110011000101101101111011111110 00000110010001111111111011001011
01001110000110110010111000011010 01100000001001100001111001011110
11110111010011001000000101110111 00111010111101001011100101001111
11001001111110011010101100011010 11100000110110001011110000111010
00011000000011011111111101111000 01000010110011110000100101010110
01001100111011101010010001010011 00110100001110110110101010010100
01001100001011111000100101011001 00100011111101110000000101100011
00111001011000000111001111100010 01000111010111100101111101001000
11011011101010010011010100010000 11011101111011010111010011011110
10101001100010100010000011001110 11000110011010001010100110101000
10110111011010100101001110011011 11100110101001000001100100000001
00000111110100001011010101100111 10011001001010100111010000101100
10111011001001001011011111100000 01001100011000111101111000110001
00001010010001101001110101000000 00100110001011110100011011010110
00100100000010110111000011011010 00001010110111111100000010011010
01010111001010111100110001100010 10011011000000111101101010001011
11011001101000010011001101110010 00011011000010100001001011111101
01101001000101011001100000110010 10100001000110110000100100110101
11001000111101000111110000001110 00011011011100001111111101100110
11111101110110010101110110011010 10001111111001100000010010110000
11010000000110100000010111101001 10110100111001000111100100111011
11001110100100101111001101011101 00011001000100100001111111001010
10010110100110000110000110110101 01011001100111101001111100010111
11011101101001010111111010000101 01110001110111010111100001100110
01100000101010110000100110111110 00110110100011001101001100010001
10010001101110000000111010110100 11111110101011010011010111111010
00010000110100101100111100001011 00001100001000101100011010101011
01101101010101100111100011000010 10000000100011100100100101001110
11011110010101011100110111100010 00100101000010101110101001101110
10100111110111100001110111110101 01111110010001110101101010010011
10000100010010111110111111100101 00000000100010000101110111011000
01010110101000001010000111110000 00001001110011010010111010010011
01001111000110110101011110010110 11001010001000111111110100111001
01011100011001101111010110001001 01100001111010100101101100011001
10011110010001111010110001000110 00000000110000001011010100000111
10101001000100000100110010000000 00110101101110010001100010110110
01001101111101011000000100101101 11010000000100100101101110001111
00001001101000101000101110101011 11100101101000010010100100011010
11111010000100111001101101001100 11010111100000100001111001100001
10001111000010110011111010100000 01110100101101010001011100100101
01011111100111101010111111100101 10110111000010100000010011000101
00101011001100011001111000001011 11110100011101000011011110110101
11011011011111001011110000110110 11001111010010011000100000111101
10001000110101100101000000001011 01100100110010011110000001111100
10110110001110101000000111010000 11001101100001111111110010010010
11101000000110001001110111011010 11011011100010000000011101000000
01000101100110110101011100101001 10001111100100101110010000111110
00110100000111001101011101101000 11110110111111011101101101101111
10110001000110011000000000001111 01101111110100110011010100110110
00100011000000001010011110001110 00011111011111100001110011001010
00100010111011000110010000000110 00010100010111110101111111001011
01000010001110010101000010100100 01001101101110111100011011100001
11101001011011001110100111000111 00101001011101101100010100001110
10000000111111111011111000000101 10011100101000110101000111010011
10001111010110000000000001100101 10110011100010101010011000100010
00010100101110011100111011011100 10000110011100111001101000001111
00011111000111011011010110111001 01101000011000101000001101101101
11010001101000000010100101100000 10101000111111110111000001000101
00101111111100010111011111001000 00110001100010101000110010011100
11101010110110010000100111001000 00110011101001111110010110110111
10110010010010100101101011111010 00100110100010000101101101010101
11111101101111010000111010100010 10001111110000110101111110001111
00001111101001001101101100110000 01111011111011100000110110011100
11001000011010010000010010011011 01011100110011010101000100000010
10000000011001110010100000001011 10101011100111000001001011010001
11101001011010001011100010101101 10001010101101101011111010010111
10110001000100101000110000110100 11001101010001110011001110100111
00001100110110100100111001000101 01100101001110101100111010010011
01010011110000101100110111010100 10111100111100001010011001101100
01000001001000111011010001111010 10011100100111100111110111110001
11110111101100111011111001010000 10000101010001110010010111100001
10100000001000101000001001011011 01000011011010101001000110101100
10111011100000011000100000111000 11101011000111011000101111011100
00100011100110000110010111111011 01100011010011000101100011011110
10111110110000100011011110110011 00101010101011111100000011100010
01110111001011010001010000010101 00000011110000110010010111100010
10000111001111000100011100001111 10001101101101111101010111010111
10110110011110010100010101001000 11100000000011011111110010000110
01001001000001111010010111010010 10010011010100011100011001000101
01111110011100001111001111000111 10010000111011101101100000011001
01011110001101111110100110100010 00010001001110011100100000011111
01010100001000011111010110010010 11100111110011110110000101011000
10111111111000001000101010001000 01111001011111010110111101100000
01111111100110010111000100010100 10010001100111101011101000000011
11110011111110001011111111010010 00110001011001101001100110111101
10011011111001110001000010010110 10100000011110010110110001100001
11100100010110010001011001110100 01001101101010100001000010011010
01001001001111110000011000000111 10000010100100010111110110011001
11010001010110111111100101100000 11100000001101100011011100011101
00111001100000111011111100101100 10001011101001010011101011010111
01011111000111001101100100100100 11111011011101011111001101101001
10110011000101011101101000100101 11000001101000111101111010110001
11111000001111110101110110001011 00001110111111010000111001001110
00001100100110111001011110101111 11111101011111010101100111011001
11110010000011000011111100000000 00011101000001000100110010110011
00011100110000101101010011010011 00011000000111100100011011110111
01011010011001110001110011110101 10000011110000010000011001100111
10100011110111100010000111111001 01111001010100011011010111010100
00101101100101001010001111010010 11101111001001010010000001011100
00110111000110100001011110010000 11011001100010111111000110000110
11110000101101100101010100001011 10011000010110100000000011010100
00110001011110100001010000000110 00110001111011001000100110010011
00100011000111111000011111110000 10011000101001111111010110000010
11111110011001010101111101010100 01100001111110000011000101000000
11001000100011001110101011001000 10111101011010100001000010100000
10100010110110101111111101100000 00000001110000010100011101010111
00010111101000000001010100011101 00011101011110100111110000110110
10111101010100001001011010100101 10011011010010110001010011001111
11111001110100011010110000100001 01001001111101001111111001001100
00000011010000101110111000001011 11000101101001110110110001100110
10011000001010100001101111110001 01011111100100010010111111000111
10011101111011111101001000110111 10010000010011110010011010100101
00011011110110100000000011111010 11000101011011000001101101110100
01011110111100110100111000111101 01011011001101100000111101111111
00000101000110111110100111100101 01101001110111010010010000000011
10001001110110010011001110000010 00110111000111101011001000111010
10010100010001011101110100000101 01100100011001110110111110100111
10011000010011001100111001111101 01001001010110101110010110001111
11101110101000011000011010000000 11111011110001110101110110100000
11110011010000100101010010000110 11000110100010011011111000100000
10010010110010011011000001010100 01110011011101010000011001100000
01100110110010110010110110101111 11011100010001001011011100110000
00010011000011110111111110100111 00110111100011101111010001010110
11001110100101111000001110101001 01101111101001101000000110111010
11111000001010110110001101100110 11111101100101111110001000001001
10011011001101000001100010000111 11001000111001100000001000000111
11010000101001110001001110101101 00010001010000011100001001000101
00010110000100100010101100001100 00100001000001000110111000001101
10100101111110101101100101100010 11000101001111000000111100000111
00001101000110110010010010000000 01111010111101001000001000001011
10001101011010110010101010010111 01110011111001100011000101010110
11100011011111100111001010111111 00011111001001101111101110011010
11000111100000110001001110010100 01000111111110111000111011010000
01111101010011100100011000110010 10101101111011110010000010110111
11011000011100011000101011010010 10001101010000111001010100101000
01110111001001110011101000011011 11111101010110000011001101110111
01011100000010001010110001001001 00110010001011100100111101100110
10110011100111101001100110100111 00011111001100011100111000011111
10001110101000111110010111011101 01110110000100010100001000010011
10000010011010000101010110001100 00010110111010100001110110110101
00110001000101111111101110110111 00000000011001101010001110010001
10001011000100000010010101010000 11001000111011010111010000011101
11100110110010011000011110100110 00101101010110010001101010010110
00000110110011110101001010001100 00010001000101011100001011000001
10100101110011001111000000100010 11001100100010100110001010001101
01101101100000010010101110011110 00100000111101010000100001100100
00111011011011111100010100010001 01111111110110010111010010010010
11101100100011000110110110100010 10110001100011110010111011000010
11111010101101000001010001010000 00000010100111101101010000100110
11100010000101101111111000100110 10011000111100000000100110010010
01010001110010000001010111011010 11011100010110001110100010011011
11000111111001010011101100100000 11110000110000101110100011110110
11000111010010101000111100001100 10011110001100111000100100011010
10011110110101101010010001101010 11010011000001101010111111011111
10000000000001010100101010010001 01011110010011110101100111110100
00101100101000001110011011101001 01000100111000111100000100101101
10101100000111000101100100100010 11000101111001011011011110001001
01100001011000011100011100111000 00001001111000001001110100101010
10011000110011110011001011100000 11110101111011110100111011110110
01110100101000000011000010100001 01100000000101011100000100101101
01000001000010001010111110000000 10000100010110011110001011111010
11001000011101100111100100000110 10110001111110001001101111000101
00100101001111100101011110011011 01000110011100111011100100100100
01100000110000101111111010100111 11010101111111100101110000101101
10010001110000111101110100101011 01111101100100001000110111010011
11010011011001000001010111011101 00000100111011111011110111110111
10111010010001111110101001001111 01111011001001101100111110110011
01011010110111000001111010110001 01111111101101001000110101011111
01110100110001010001111000111001 11011101101101110101000010101111
01001110110111100110100110001000 10000111110111001010011100011110
11010001111111001011101010101110 10101101110010011110110111101111
10001010001010011111111101101000 01001001010011010111001010000010
00111101110110000000111010111101 00111001011111110011001101011000
01100111101100100110011001011111 11000110100111111000000101111100
10010011111110110001110001001110 11011100100101101111000110111111
10110110111100110111010111000110 11011111010011101000111011101000
11011000000110010010101011100101 10010001100001010100011101110000
01100011100111000001100001100111 10111001110101011001011000000101
01011011011100101111011011000001 01101110101011001111101111110100
10000010110101100110011011001100 10011011101011011011000010000011
01100100011011100011010010110000 11100110101110011110111011101000
10001010101010000000011010010001 10000000100111100110010010010001
01110100001000011010110111101010 10111000001100001000101000101111
01001000011101000110001111001111 10010101101000010111100010110110
00010010011110000110010100101010 01010011110100111110111110001100
01000100011100100100010001100110 01001110001100000100111101100011
00000111010000011100100000010101 10101110011011011111110110000110
10111010111100110100110111111101 11100110011101010011110011101101
01101111011001010110101101010101 00110100011011010110010101001111
11001010100000011011001111110100 01010011011110011010001010110000
11011001101011010001000010110111 10100111001101011000101101000011
00101100101101001111111100101101 00000000100100000000101100001111
11001100111101111000101100111101 11111000110001101000010010101000
00111001010110011110011100001110 11001101110011000010101100010110
11101111010101110110100100010111 01010100000100101100011000001100
11001000000111010011000110111101 10011000101110110101100011001000
00101010010011011000110000011100 01001101100111110100011010101000
11101001111110111001000001010100 11101011110001111011001110100100
11000101100101011111010010010011 01001010001101000101010111101111
01100101010010111000111100011001 00101011100000100000101101010100
10011001010000010001111011011100 01001101001010111100011000000011
10110111110110000000001010101000 11101011011011001110011011001111
00101001110100101101010011111100 10110001111001101101010101100111
00101000111111100111010000000011 11100001100000001111101110001101
01011111110101010000100000001111 10000010101001001111110001100010
01000000001100011111100010100010 01000101100100011011100100001001
00010101010100000001010111000011 01001011101011011011110000100110
01100001111011000111100000100001 11000101111110101011100011111101
00100000011010110111111001010010 10000011001010000100001111101110
10010000111011000000001110110010 11111010010010100011011011110011
01100010000010110010010111111101 10100000010000000100000010101100
10110010001111000010101000011000 00001011001000011100111011100101
10011111000000010101101110101001 11011010101111010111110011000111
11010100000011001101000011011110 10011011010111101010010111111011
11101001010100110101010011000001 00110010100000110000010110101010
10000110010111000100110101001000 10101100000001101001101111011011
00001011110110010100011011110101 00000011110110011011100011101001
10100001010110111100001000111010 10111000010010100100011000011100
11101110011111101000110010100111 11011110100011100000101001000000
10111001001011111010100001001101 10000110000101001010011111101101
10100100010100001100000011110000 10001001110111111010010000100101
01110011100101110101010100000010 01101101110011000011001110101000
01110101100111001001001101001001 00100111000111101111100001010101
00001010011001011011001010000011 10110000000001100000100011000010
00000110011001011000000001101110 00110010110001011000010001010000
11000110010110111101010101111000 10101010100101111010011100101111
10010000101000000101100101101000 11010000101011000100110010100000
10011000100111000110000100111101 01000011100001101000010001011001
10110000101010111101000101010101 11100110111110100001001000000101
11100111100111111100111011001100 11010110100001000100110111011011
01110011111111010010101001101000 00101111111100000110010001001111
11011100011010110100101011101111 00000100001001100101110110101011
00010110000110110011101100110100 00101000110110111001101111101100
01000100000111100011001110110101 11110110001110111000100110101000
01101010010011011100101001100100 10101011100100010100010011110010
00110100001110111001001100011011 00110100100101111000011100001010
11101010011100111110011001111111 01001010111001001011111010110011
01011100101110111101100100110110 00000010111100110110111010101011
10001111110101001100101011010111 00101011011100000000010111000100
10100101010100101001010101011000 00100000101101001101111101111000
10100101010000101110110011100101 11101001101010110111011000011000
01011011100110110100111001000001 00101111001011001101110000101110
01110101100000011011011101111001 10100110001011100111111000100001
00001000110110110101110100000000 11110000100001100011101010001000
10111001100100000001011100110001 00110011011010011011001011101100
00100100111010001100001000110010 01010101101111101001111000101011
11110001011100010101011001101100 10111011110110111011101010100100
01110010110110000100001011111110 11010000110111001010100001110010
01111111110001000110010100011001 11011110101010111000111011111111
11011110000001000101100000111011 10101110110010111110001000010111
01100100000100100000000101110101 01101101100111101001110011110111
01101000000000111010101111001110 10011100100100110010001101000000
10000000111001000001111111100010 01110111111111100000001001000011
10100001110010010010001110100001 10111011100100010110011111110011
10011110101001001010111010010000 00100001101000110010010011101111
01001010010100000100101100111000 00010000001111000101100001011011
01110000010110011100001110011011 01000100101001000101001011001010
01110100010100110000000000010110 11111111011010001101100100110001
10110100100000010100010110110111 11010100101010110111111101001001
11011010000001110000001110001101 01001000110110100000100000011000
11111100111011010000011111010101 11111001100100100100011110100011
01010000001011010001011100000010 10100100000011111001100101001110
10001111100001000000010000001111 01100111010010100100111111101010
00100001111100100110101011101011 01100111110010010110101011101011
00011010001100000101001101111111 00010000100001111010111100001001
00111111011000100010000111110101 10111111001000000011111000111001
00111111001100011011110101000101 00011101111011001010000111100101
00100011001011100000100100011010 10000110001000001001111100101101
00000000010000101010000110000100 01011100001110111001011001110001
11010010101101001101100011111011 10011111000001101010101000001111
11000101110011001111010111111100 00000110010111001101010011111011
11001110000100010000110110111111 11011010011011010100101110001001
01010010010101110011010000001110 10001100011010110011000000010100
00110110011011010111011010000000 11101001110011101110111100010010
11000010110011001110110101010100 11010101010000101110001111111101
10110001111001001000110010011011 00010011100111010100110110011010
10101010011101110110100100101101 11000000010110000111011111001011
00110110011100100101011111111000 00000100010111010010101100011100
11011000100101111010010010001101 10010001000111011101001110110001
01110111111111100111110000110011 01101110101111001101000000111011
01111000101111100010100011000111 01111111100111100110100010111110
11001110100011111111111010111000 10001000101100001110010011110011
00000011011000111010111010110110 01011010111100100001110111011000
10011110110011101111011110010101 11000001111101100001110011000101
10010111000110010010000111011000 01111000000101101100100101110001
10100110000001001111000100101010 10100111000000010111100111110110
01011001111101010010001001110001 00011011100100010010011111110000
01011010110011000111011110111100 01101110010011111111101010000111
01100011111010110010011000010110 00101011000100100111101101110100
11011010110011011111110101010010 00000111111110001010001011010010
11110100101010100011101110101001 11011101000101101001001010111110
10101111110010100001101001010110 11111101100001011100100001101100
00011010010110110101000111111101 01101010101100100111000011111111
00111000000110110110011011001001 11010000000010010111101110011100
00000010001111010100000110000010 11011111110100101100100110000100
01001111000010110101010010011101 11100001100011100110000110100111
10010000100101100001101100000011 00010011100001111101000010110010
01111011101011011001001100111011 11110000101000011001011000011000
00111111111100001101100000100001 10100001110000010000000111101100
11000110100111101110111000010001 01011011110010101111100011100001
11011101001101110001110111111110 11011101011111101100011000110100
01001011100110110101101000000000 10010101000011000100100111101100
10100011010001001000100000110011 00000001010111010110011001111010
00100001110011111011000110110001 00110111011010001010111010101111
01111110000000000000011001100010 10001001101010010101100100111110
10010101101011100100000001110111 10000101000011110101100110100100
00001101110111100001010010010100 01000001000000001111011110101100
01001100111000011001001000011111 11110110000011110001000111100000
11001001001100010101101100111011 10111010001010011101101001111001
10001000010110111100110001011111 01111000111011100000111110011111
10011100100101100110001011001001 10000110001110000111001111001011
00001101000010101010100101101010 01011010011011010101101111111001
10101100111000011100011101110111 01111000111110010111001110111011
00101110110100111110100110100010 10010010011010111011111000001101
00110111000011011111111111110011 00101000000011111011000011101111
00110110101101100100011111110110 01010100101100100100101111011001
00111110001000100010001100100100 10000010101111101000100001101110
01101000111011101101101111010010 00001101101100110001000001110110
11001010001101111101101001000000 00011000011100000110100110100110
00110011110000011000011000010010 00111001011001110011011011111010
01101010111101011000100110101011 00100001100110100100010001101010
00110011101010001100010111110000 00000000110010111010110001010011
11010100110111011011101100001110 00100101110111111010010100111110
10101000000011100001001011010001 10011110101000110011111000000011
00011110010001000011010010110000 00011111100110010001101011011001
01100001101100010000011010101111 01101111101010101010111101101111
00011011011100111000010011100010 10011101000100110100011001001101
00000000001111010100110111000110 00100010110011111010000000101011
10000100010001001101101010001101 11000101001111000111010000100010
10100100110000001010000011011010 01010101011100101000111111001111
01001010101100000110111110100111 00001010100111100110000010111101
01001011001010010001100100100000 11110101100100101100101101101011
11111001001110111111110001100101 11010111111110101100111111000100
10111100011001101100010000110110 00000001110011110011101000010111
10110001001010010110011111101001 10110010011001101011100010001000
10011100001011101001100110011000 11001101111000111000010111010101
01111000000111101010110001001100 01010010110001111000010101000110
00000111010001101001010001111010 10010100011111000111100111111110
01010010000001001011011001110001 01110001100100100101100111001000
10011011010100111110011010101000 01000011011110100111100000101100
11111111100100000111111111111001 11101000001001001011001011011011
00100111111010101010101000001010 01101001010100010001110110010000
00001110110100000111101001110010 11001101111000111000101001111111
11101000110011110011100101110000 10001000111011001010001010000100
01010101111010000000010000011000 01101001110101000011001011001000
10011100000110110010001011010101 10110011111111111000001001100110
01010110110001101011001100110000 11101010001000001100111100010001
11101001010001001010010111010010 11101111000011001110001101010101
00010101111101011100100100100111 00110011101101110101001110010000
01001100000010110000110110010100 10011000011101011000110101010011
11100010000100000001010001000111 01001010011010111101111111111010
10000111001111000001111110010101 01010110011001100111010101110011
10011011001011100101110010010000 01101110100000110111110000001111
10100111001000110000011010000000 00000001111101101001100011111100
11101000010001001111001001010100 11101011101100101000001110011101
11111101001100110100010110001110 10010100111011000001100111000100
01010010101011000010110101110001 10110011010111011000000001000110
11011001101001011001010111011000 10111010000000110101000001111011
00100101111110110111010101101100 10100001100001011011011110011110
00111011110001000100001011011101 01101011110001111001011010100101
11110111010101111101101100101111 00111001101011001000001101001101
11010111011010110001010000011100 11110101100001010111110010010111
00110101101111001111100100011101 00101110010000001100110010111111
00101101110011110110100111010001 11100010101000010010110000010111
10101001010111000110101111100111 01111001100100100110110000110111
11010101001111101001011010010110 11010011101110111000001101100101
00110001101000010110011010110100 11000100110100111010001110011110
11010001011001101110010001000111 11010101010001110111100011010111
11010100101100101111110100011000 00111110000101011100110111100100
11001001100101011101111110001100 10101100101101100100011110111010
11111101001000111101010000011101 10001110111011010010111111001111
11101011110100111010100001111001 11010000101000111010101011000010
10001111100100100101110100111100 00010100111100001111100110010110
11110011011010110111000001000010 11001100101111101010011010100100
00111111101111000000011001011011 01000110101011100101110011101011
00001001011001010011110101001100 01011001011110011011000100111001
11000000010111001010001011111101 00100001100111001110001100000010
00011011111000111110001000110101 10000010000111010011100101001100
00111011110100010001100000100111 10101000010111101000101100001010
01100010001000000011011111010111 10110111011010111011101011000001
01111000101100101010100000011010 00001111010100111101110010011100
11000110100000001001011111101110 00110000100110011101010000100101
00011011001011000010100111101100 01000101010100111001110011101011
10111110110000010110101000001100 00110001100011111111101011001001
00100011001100011011010010100100 00100011110110100110010100000011
11101001110010100100011000100110 10100000011100111111000100001111
11000110100101101111011111001111 00110100100011001000011101010111
10101100011101001111110100111100 01111100111011010001010011110101
00100011110000101101110011001001 01000101001000001110010100001000
00100000100010101010001001011101 10110011001100001111000001110101
11101101011110110101110011000010 11110101101100111111000010101100
00000010110100000101110000101110 10101010011001110110111011100110
01000000101001110011010110110111 11101100001111010101101101000111
01001110101000010111110010101001 10101101111101011100011001100100
10101011011001011000100011011111 11110110001011010111101101101001
10110000010010110110100110110110 10110101001000010101111011111001
11101011110110000000001001100000 10000011111011000101001000101010
10011010100001111001010111100110 00010000011111111100111100110000
01011110111000000110100001111101 10001010000110110110000000001001
00010000010011101001011111111011 11010110101011111010101010111100
10110111100110111001101000110011 01100001101011001111000011000010
11010010010011011000000101010001 10111110101000001011101110111100
00011100001110000010100000101101 01111000110110001100001111101110
10011111001010001011001010000011 00011101100010110000010001101010
11110100010011100100001001010000 10111100000011111101010010100011
10011100010110100100001011011000 11010100001101010010001101100111
01001000010101100010000100111111 01110100001111011001000110111000
10101001001111011010110011100000 10110100100001011111000000011010
11101110110000001000011000000010 10101001001011110010100000010011
01001110101000110010101011100101 10100000100011001001101111010111
10101110101011011110001000111011 01010001011110000101010001101100
11001110011100101101011000010111 11000011111011110100111101111100
11101111000101000011000110111000 00000000101011011100011110110001
11101011001001001110111000101110 11101010010011111011101001111011
01110001111101010100110000000011 11011110000011110000101100001010
01011111101101110010001001011101 01110010110011110001110110101101
10000001100010011111000001111011 00001010011001111010010100110000
01010001110010010111110101010100 01101011111101010001011000100101
00100101100001100001011110000001 11101000000000000101111110100100
01010011001101111101000001100100 11101101000010111101000011001011
01010111010000110111110100101101 10011111100111101100010101101101
01100111000111111111101011100011 01001011010101011110110011010110
01011000101110110101011000001100 10011100100010101011011110000100
01110111001111001010000010110000 00111000011001011001110010111010
11000111010000101000101000001011 01010001110000010101001011011000
01000001000000000011110101111011 10011001001010011110001111011101
01011100000100001111100010111011 11000110000010100010011001101110
01000010111111000101110111011111 11110001000110000011011101111100
10000000110110010000110000000101 10111111111010110000100000010110
10111001000111001000101001010111 11011111110001110101100010000000
11011000110110010101101100011111 10010110100110001100010111100100
01011001101011011010001000110000 01001101000000100000100001111110
00100010111001011110011100011101 01011111001100010010001001100000
01000000011101010100000011101110 00101011011111101010100000110010
00101000010101011010001011001010 10011010010000100011011010001100
00111011111001101101101101110001 10101100110001001000011111110111
00011100001110001100100110111000 00011000010010011110010000101100
00011010100010101101111111011111 01110001001110010000100011100100
00010001000101001101111100110000 11110010000000100001010100000111
01101011001110011000110001101101 10111000101011000000010001010010
11000100000110001000101001100010 01001010110111100110100001010100
00100111011101010001011111010111 10101000010100100000010000101110
10010011001001000011111010110011 11011101111001011000001110100011
11001010000011111110001011111001 10101101111111001101101001001110
01011011100010001111001011101111 01100001100100111001001000110111
01110110010000011100101000110000 01101101110001111110001111110100
00111000011000001110011001010111 11001110100101101110101010101010
01010100111001101101010001000100 10111011010111110100100000010001
01000111110000001111110101010111 01100100010010011010110100100001
10010011101100101111011100100001 11011001011101011000111100100101
00110110001011111010001100111110 00010110101100000011101001000101
11110001010011011001100000111100 11010011110101001100010000110101
11011001001110010100001000100110 11010010011110010100011101100001
11011100110010100010000000011010 00010111110110111001111111100001
10010110101110000101010110011100 11000000010010000101011110111101
11011110010011010010011101011100 11001000100001111000011001000110
11001000010111111110101000000111 10110111111001010101111000001100
10000010100000100001010001110011 10001001000000100111001100001110
00110011001000111100100011000111 00101011011011010010010000001000
01111010100100000011100100101101 11000000001001000100101111111111
00101010111111111001010100100110 00011111100111111111001111110101
01110011100110000110111101101110 01011000001000011011001010000110
01101101100010000110101010011001 11100000110101111011011110001111
00111110110111011111111100011010 01111101111111011000110000011010
01011110101011010010100000000000 10011000000011011101100100111111
00100100100111011011010010001011 10010001000000101100111101010011
10110111111110000000000111101011 11101110111111101110011100011110
01100111001010100100110000000001 11011111110101000011101010101011
01000000010111000101011000011110 00100100101110011100010001011100
01101101011100100011110010001010 11101111101100000100100111010110
01001011100011001001001110111101 10100101010010000000100100101110
00000101101001000000111001001111 11110000001011010110111101111000
01011110101010000001000010100011 01000110101001101100100110000001
01100000111000000101011000111000 00101011011001111111011001001001
10101000100111001000101000010100 10000111010010001010001111010110
00111111101001000010111000110110 01100111001011001011000010011101
10000010110001011010001100000101 10000011111000111100011010010001
10011111110110100000100101100110 10101010101100101011110011110011
01111010111101010101100011010011 11101110000110111001110111011100
11000001101010100011011101110001 10000101010101000101111101000100
01110001011111111001100011011101 11000101010100010010010011011100
01100100001111101101101011110100 00110100010010101001011000001110
11000111011100111100000011111010 11100111110010110100001001101010
00100111101110110001010000011000 00110010001100000110001010110101
11010000000101100001001001111011 10001101011010110001011110000111
11100001001000000110101000001111 01110001010011100000011110011010
11000010111000000101111010010110 11100110110001001100010110010100
01100000011100000110100010000011 01110110010011010101011111011111
11001011111101110111111100111100 01010001000001001101111001011101
01010011101111010111001110110000 00100110010010001100111000110110
10111000001100000101010111001111 11010110000011001100111000110010
10000101111000111110101110000111 00100000000001000100000011000111
00100111011110110001001011100000 10010010101101111110000001100110
10001110010101100110111000011100 10101000011011011010100110010101
00100011101001000111100000111001 10010111110111101100111111010000
01010010001011100001011111100111 00101000001101010111100011110000
01001110000011000011111110000000 01001001101100111111010010100100
00100100011100110001110101001000 00011001100000100000111110101010
10110010110000011000111100001011 10010100001110111001100010111010
00010000110110101101011011010100 10101111000001010111010011101101
10101010101011010000000111110101 11100111000110010111101001001101
00111000101001110001001000011001 10100101101101101000111001110011
10110000011101001111110111010011 11101001111000001110101000000111
10010001001000101001010110100100 01010001101010101010111111110110
00000000010111101001010011011011 00111010010010101111001010100100
11101000000011011001111001000111 01101100111011001010011101000100
00110001100011000100010110101111 11100110010001000110111010000100
00100110010000110110001001111010 11000010100101011000010101101101
01111100000110111010001011000011 01011100010101001000111100100100
11000100111000100010011000101010 00011110110010000111010100010110
10011101101011100010111010001011 10110101110110100110010111010100
01001011100101000110000101011001 00100010111001000001111101110011
00101111101100010000011011001110 11111111111001011110111000111110
01100101001001101110110101010100 00001111011001110010111000000001
00010100101010001101010010001100 01001111101001011001010000110101
01100101011110011011010111111100 10100110001110110010000010011001
11001100010011110100010100100111 00110101011100110100010111000010
11111101011100001101000100100010 11000100000111001001011010000110
10110100010001011100010111011110 01010110011011111000000110110001
00010101000010100001011100101001 10100111011011000110010010011100
00001101101110001111011101001011 11110101111101000011110100011111
01101010101001010010111010101011 10111111000100100111000100001001
10011111101111111110100110100000 11000010110100000000111101110010
00110011001111110111000001101101 10110101001001110110001010101101
00011111101000110010111110100111 10000000011000011110001000111101
10000000011111101000001001000111 01000100000010101010100101110101
10000111101110011111011100111000 01111001011101011110100100010101
10010010000001110001110111001101 00110110010110011101111100101001
01111111000000110000111111001111 01001111101010011100101001101100
01100000001110010010110010010111 10110100100011010011111111101111
00101001010101010011111010000100 10001110101111111000100000001010
01100110110111110100111001011011 01111110001100101101100111010111
01001111100101000111010010100001 00111110100100001110001101110111
11011110100010111101110010000110 11010110011110011100011010111101
00011101010000100010110011011010 01000000110111101111101011010111
00000110101101101111110100001111 11001000010110110011101001000110
01001111111000100101111101101110 01000101110100000110011111111100
11011000111101000000001011011011 11000010100111110011000010010101
11001110011110101001110011111010 10111001000100100110010001110010
11010000111010010100001010111000 10110000101010100100000011101010
11011111100100010111100100010101 00110001010011000000011100101111
11110011100100111100001000101010 11001000110101010101010111000100
10010101011011010111100110101110 01100010100101100101111100001111
11011101001111100101111011101111 01001110001010101100110101111010
00101101001010010101011101100101 00011010110010010101101001111001
00111000111101101100011010010000 10110100000000011110001001010110
01101011001110010100100010100000 11011101110101111000110111001100
01110110110001100101001110001011 11000100101101100110111101000011
11100010010100100111111000001101 10111111100100101100110000101001
01011100111011011111110001111111 10110101101010001101111111001101
00111111111101111010111001001111 10010010100010001010001011011001
10100110110100011111011010111101 01001001101101110011001111001011
01100111100101100101111110010010 01111111100100001111100110011101
00000100001000110001100111000011 11110100111001100111011100010001
01000001101111101111110010010000 10000010110001111101110010100000
10000010101110010000010110000000 01101110111100110110100000101100
01011101001101100111000100001100 11111110010000011100101001101110
00010111000111110011010100011101 00101110001011100101011010011110
01011000000011011001011110110000 01000011001101111111100001001001
11100111000001010110101101101111 01101100001111110010001101111101
00000010011111000111000001111010 01010110100010101000111110000010
01011001101010011101110100111110 11111110010101111110001101001010
11011101100001010111000111010011 01101010111111011011010101011100
01011101101101010011010100100111 10010111001100111100000001010100
11110110011011111011010111100101 10001000110011110101011101110101
10111101010110110001111011011101 01110111010101010100000101100001
10100001110111000001100101000010 00110111010111101000101001100000
10111011010001010101101010100101 10011110100001111111100100010101
10001101011010100011110111000100 11010011101011101110101000100101
00011000111101000000110010100110 10100111111101111001010100101111
00000100011110101110111100011010 11000101000010001101111000010111
10111111101001000111101000110000 01110100101110011010100110011111
10001110110000001011010100001001 11001110000000010010000010000100
01101100000011010101110011011010 01100101110100110011100111010011
01010011001100010001001010001011 11000011000000111010001010001010
10000100110000010101100001110010 00001010111011000000010101111001
11111101101000011111100000001111 10000101011010000011101011101000
11011100010010011111000011001111 10011110001101011100000100100010
11011110101001101011111001011010 01001000101001101111101100101101
11110101100001100101010100101001 11011001010011000010111110001100
01010101100010011010000111110101 01100110100100001111101010001101
11101001100001000000000001011000 10001010011101001101001001011010
00110111001100010010011001000001 01000100001001001000010100000010
11101100110100001011001100000111 11010110110111001111010100101101
00101000001000110011011100111010 01001111010000110001000011110010
11101111011000100111101001011011 10000101100101010001000101011111
00000011000010010110111110110101 00111011010000100010100000100001
01011001101001100011001100000111 10001100000010110100111011101001
01100100110011100011100011010000 11101001000011100010111110101110
10000100110001111110100011101011 10000100100010011001011010001011
00010100101111111011000001110100 01010110100011000111101011010101
11111001111000111010100011101101 10101110100001011001101111110010
10011001110001110001101010001110 01010111000010111001000010010100
11001010010110010011101000101000 01100110001001010101001110111100
00010111101010110100110011010000 01010010001111110110001110101110
10100111100110000101110111101111 01001001101100100110010011000101
01100000011111010101010100111101 00001111011111001010111111110101
00110011111011011100011101011001 01011100011110100111111100101111
10101010101011101100101111111100 10100110000011110010101010000011
00010001010000110111111101011010 00001011001110010001111111011111
01100111011111100110010001101011 10110101000011001110000001101100
11110110000011111011101000010000 10100011010000100110011010010000
00001011010000111100011011110001 10101110111010010011110100110111
10011000001111001010111000100100 00011010110111011010111000000001
10110100100100111101011101111100 00100001100010101011001001110011
00101100011011111000000110010010 10101010111100110010010100001101
00111010111000001010100101001011 00101010100010010100010000001101
11110100000000011110001101101100 01111001101100111110110111100110
10111101011001101100111011011110 01010011111001101010010101111101
10100111110101000101011101011001 01010110011101101101001001111001
00001001111100111100000000110011 00100011111110110001111011110001
01000111000101101001111010001111 11111110001000111101000011100011
01011100011011001010101011011010 10111100111111000110000000101110
01010010011001111010000101101011 01111000010111110101110110111000
10101011101111101111001100110010 00110010000001010110100110011001
11001000001111111011100111101011 01110110000011101011100000111100
11100100101101001101010010110001 01100111011000001101111110111010
11101111010010011111000010110100 10010111110001100011011101000101
10000011010101000000001101011100 01111100000001000001001000010110
10010111001110010011011101000000 10100100010100111010100110100011
10111111000011001001111001101111 10011110010100110101111001010011
11011001010100111110001001001110 00100110011011100011101011100001
11111001110111100110101101101101 11110000010110101010001101011001
00011111101011001000101101111110 01110101001000100000011000000110
10110110100101011001001010000101 01101000100101110100100001011011
11101100000111101110010001000110 10101001000010111101001001111000
11111000011100010000101110101101 01100101101110111111110010011110
01010000000101101101111010101110 01010001000010101111101010110010
10100010111001110011111000001100 00010111000000010100010010011111
00000101001011101100010101010001 11010110010110000111001111001101
01111111101110101101100101100100 10010101010101011110001110010011
01010100010001010010011000000001 01001110110011011010001000111110
01101010101001100111110011001100 00000010001111111110011110100000
01001000001011000110010001110101 00001010011111111100100010101111
00001010001101100011000111000010 10101000010101000011011011111110
00111110001111100100000000011110 01101101100001011010010011111110
01101001010010111100011011001011 01100110000100100010111111001110
11011010011110110010001001111000 01111001011010000010111111000011
11001101111111111111010011010111 10010001110011011010010111000110
10100110011011001011010011101001 11000110000010110010101011010011
11011001011111010100111110101000 00010000101000101101010001011000
11011101001001101010110001111111 00100100000110010100011101001100
01010010001110101111100010000101 10111101110101111110011010011001
10101011001110101011011110001100 01111110101111110011011111100010
11101101101101001110000101010101 10101001100100001011010010010110
00101100010101100100100101111100 10001000111011010111110100100111
10110110000101111010111100011110 00110000110011010110100111010111
10000111100111101101010110011011 01011111001000101000000011101110
01111100111001111011010110101011 00011011010010100010110100101100
01011000010111110010100001110111 01001101011010111110011111111101
01100100001011111111000100011100 10100110011111110011010100001110
01001110010100111100111000010110 00011000001010000111100101101001
11010111010101100000111100001010 10100101100000000111001000011010
10101000001110111011010000101100 00010001000011011101001010011000
11010010110100010101011111000010 01111000001011000001000110100100
10110100011100011101001000111011 01111011010001101100011101011100
10011111010110110111100101100010 10101111110111111001010001111110
11011110010110110011101001101010 00110101010111011101011100110001
00000010110011010110001011110100 11101110000101101111110000101001
11000001110000001011011011101101 11101110101111011001101101101100
10111111100000110100011110100111 11000111001111001101010100111110
00111001111001111101010000110000 00111000101011111001101101011010
00110011000111010101000110111010 10100110101000100001110000001000
11001000011100111100100001001110 01100101101001101011000100110110
11001010001100000100111011100000 10101111010101011110011000110001
10001111110001100100111001010111 00100101000000001100111100011100
01101001111111111101110011111110 10111001010100001011101101111110
10111111111101110110011001101010 11011011100101101011001001110111
11010111011011110001101111000010 10010111011011111001110101101101
01001011100110110001011110000010 00000000000111011101110011001111
00101111010100111011100101011100 11001001111001100010110110110101
01000001011010101001111001100101 10110011011000100110001010010110
11000001000111010000001010011001 00101010010000011011100101011101
00000001000001110011000000000001 10001001110101100011010000101001
10100010110000111011100011000111 10010010101001100111011000101100
00011100011010100101110001011010 10111010000001110010010011101011
00111100011001110111100001011010 10000011101011100000011100001101
01000011001011100110111001010110 01101000100110000001001000110110
01101111011101101000111101001110 01101011100010101001001110101111
01010111100010100101101101011100 00100000101001011000010101001111
01001101111010111001100011110100 10000010000010100010111100001011
10111100101101000001011101011011 10000100010111001011111101100011
00001110110101110100011001000001 01010100000000110000001011010100
11010011011101000111111111111010 10000011000111011100010110101111
10101101101011010100011110100010 10101000001000000010100011010100
01100010001001101010011000111101 10100111001010011101011010101001
10101101010110111001101110111011 10101010001111110100001011010101
00111101000101101000010110010001 01111101010011110110100011100001
01100011111011101000011001000011 01100010001101100101011110100000
00001100000101110000110110101011 01010010101100101001100100101011
11101001111110100001010000000010 00001011000011101010011101110001
01110010011111000101010101111101 00101100000100101101010001101100
11100001101101010110111011001101 01010011101001110011111000000110
11010000011000101110000100000110 10110100010001001110011111010101
11100100111101100101000100001011 00000111110010011111010000010101
01100110111001001110111111100010 10011100000101000001111111110101
01100110011111101110011000101110 00011111101000101010010011110001
11011101100111001010101011111101 11010101100110000111001111100001
01100001101111011001011000111110 01111100011110000001110111001101
10101010000011110011101110010111 11010001010001000001110101111010
10001111111000100110111100101001 00001111000111000100111001010110
00101001000110101101000011111000 10101011110111101101110111011010
10111010010101011010110110011000 01101011010111100000110010001001
11011101011111110001111100001001 00110100100011101001101001111110
01110110100000101101001011110010 10100111101110010110100010111011
10101001110011101101110110100101 01101011100010110010001111010111
10011111111010101110110000010100 01100010110101011101101111011001
00010010100010011011101100001111 11010011101001111001000101010001
01111110011000101001000011011000 11110111101101010011010011001110
10011110111100010000100000001011 11111100001101100001110010001101
11001101100010000011111111001111 11010001010100101100111000000010
00010001110100101100011000001110 10000111111001100100111000000100
01100001010111001011001000001010 00011101001101011101011000100110
10010100010011000111011100001000 11000000001100000011001011101001
10001001111110010010000011110100 00101110001111000110001110110001
01001110000001111001110001000101 11101011001100010110010011000101
00011010011011001000010111000110 00100001111100001100001100110000
10111100100001110001010000100010 10010110111011110101101110111111
10110011010001001000100000010010 01101000101110000101101000110000
00000011110111111000110100011011 11011000010000010111011011110011
10110110100110101111011000100101 01110001110010110010111111111000
01100010011111110001101010100110 00001110001111100110001011000000
10000111100100010110100110110000 10000011101010101011100100001010
00001111011110100011101000111001 00110011011011101111011011101010
00111101011111100100101101010100 11111011110111011100001000001110
11000111100101000010011011111010 00010100010101001101100000100010
11110100110001100011100101101101 00111100100101111001100101000110
00001111011010100101000000110011 01000110110010011101000101101010
01100111001010010011001000001111 01001101100000000110010110010111
10110010010111011110111000001101 11101110110011011110000101011111
11000111110101100111100100001100 00000100010010100010000001100000
11110101010011100100111100101010 00111000010000101000010010100111
10000111100101001010100001111110 01011101000001111011110101011101
01110101000001001001011101111110 00000011100010010001100111011111
01111100010110001101001001001011 00000011101110101111011110001011
10000001100010110000011111000000 11111010101100010110001010011011
00001011100100100001011011111111 11010011011100101100001000010100
01011101111010111010101100111111 01001010010101010100001011100011
10001010101101001101011101101100 11100001011100101001100110101101
01001101010111100111011100111001 10011101110111000111110101010110
00011111111101110000100011111011 11000101101101001010110111001110
01100000111110001110100001111111 11011000000111100010101100101111
10001010001111010000001101110001 01010001000110111110101111111000
00101000100010011101100100101111 01101010010111001001011110000110
11111001011000111101111000000001 10010101100111000111011110000111
01100101011001000011010110101011 10111101110000111000100010111010
01100100000001000010011001101001 10100011010101110101010001101111
11100010110100010100000000101110 00000011011011010111100101001111
10010001100100100001000101011001 11001011110101000110110010011010
01111100111111101101011100111100 11011011111011101111101010011000
01011000011011111010000000011011 11111001101001111110100100011110
00100110001010000001000101101111 10110010010001110011101011000010
11100110010100001001110110010000 11100010100111000010101001010000
10001110111011000010001101110111 11100001001111101000010101001100
10111110000011000001000100011110 11100100110101010101011010111110
01011011110000110100110001100010 00011010010000000110110010010100
01000110111010000010100110111111 11100100000110100010011110010100
00010010110001111101000111111110 10001011011100000110100001001010
01111101001110001000110011111011 01101110100010000100010000110101
11000110101010111110110001010101 00001010101011001111111110100011
11011010100111011010010110011010 01100101110101101101010110101111
01000100101101100000011010110111 10000011111000001000010100111001
11011110101001111000111010101010 01110000100010001100100110110101
11110111100010011000000100100101 10011011101000110110110011001011
01000000101000010011110111001111 10101101001010010110000000010101
01111110101001010101110101001000 00000000010101100000111001010011
00000110010010101111010110110110 01110001111010111100111010110110
01001010001010001111001011101011 00110000010000001000011101101110
10101010011101000001010011000001 01100001110101001110100111111011
01000100000101101011000110101111 00101001101111000100001001010101
11111110000011110000001110100011 10011010001110110111100011110110
11110011001000001010011011010101 10110100001101001100010011000110
01111010001001010010011110101100 11101011101110110011000011111110
01100101011000111001111100010101 10101000001100110010011001110110
00101000000111101001000011100010 10000110000001111101111110010111
11111001011000000001101111011011 10011101101101100111100001001100
00101001000011000101100000110100 10100101001001100110010011001101
11010110110010011000110010100100 10110010010011001011011011111100
01001010101100001011100101011000 00010101101000110001001011101011
10110101101001011011100000011010 10001011110100011110011100110001
11101010111011011100000011100001 01101111101110110011010000010010
01110111000110101010110011001001 10011110110001000001110010000111
11101000010110010101101011010111 11010001100111011010101001011001
11111011110110001110001000001110 10011101100000000010001101100101
01000001100100001011111011110101 10110000000010001000010100111101
11000000110010000111000101111101 01100100101110001000001001100000
10000001010110110000011011010000 00101100101110000111111001000001
01100100101110001101101100010000 11000110101101000000110100000000
01010000111101111000110111001100 00100000101001101011010101101000
01011000001111001011011111000011 00110101110100110001010111001001
00110001010001111110110000011010 10111100101110001110001110110111
00011000101000111100000000111001 01010100000110010110001101010100
11101010000100100101100100001101 10001111010010010101000001010001
00001100001011111000011011100011 00111100001111001110000011011011
01110101110101100001111001111001 10010110100101101110111010101000
10000101010000101010010001111000 11100110000110010111001011001101
01101011100001000101011101010010 11000011001110101011011001000011
00010110000100001011110101001000 01000010100001100100001011111111
10101101111101101010101110111010 00110001111111000101101000001101
10010111000111000110111010000010 00110100000110100100101101001011
11101011000101011110011111011000 01011110000110101000111001110100
11011010011010100100101111111010 10100010000110110000111001010110
00011011101110011010110100010010 01010010001100011110001010011101
11001110110110111010101111010010 01001110100000001111110111000011
10001010100001010111010110110110 10000000111011010000111101011101
11011010011101010100100110110010 10001011110101001010110101110100
01101010001101001011100111111000 00010101111101001000100011010101
00100110011000110110011101100010 10001101101000100111110110011111
10011100000011111100010011001001 01010110110001111010100110001001
01101100001011110101011110011110 01101000110011011010110111010110
10101100001010000011101111001001 01001011001100011101111010100111
11001101100101100100011000111101 10101111001110111011000011111001
10101100100001001100100011110111 00001110010011010100010111010110
01101101011110100010010001111010 01101001100100010100111111010010
10110000100000010011010001001110 10101110100011010000010110100010
10111001100101001110000110000110 00110010111010111111010011010001
01111011100001000111101100100100 10101110010110001100000011100010
10101001000100000000101110101111 10000001011011111011101011101111
00110001100101100000001111111010 01110010100100101111001101001110
10000010010001100110011000001001 10101010111100111011101110111001
11100000010101100100111001101000 11111010101000110001101101000101
10000110111000101001010001010010 11001000000011111100000110110011
11000110001011011110000100110000 00101011100000011010010011000000
10000111001101000111100100101000 00000111100011010001011000010110
01101011011001101000110011100101 01000001011100110101100000100001
11011101011111000110111100000111 01110011110111100110001010110000
01111010011011011010110001010111 10010101001111010101110011001100
00110010111110101110111100010000 10011000110111000100011111101110
11011100111111010000101110000111 01110100110000001111100001001011
01110010001101110101000100000100 11010101000111010101001110111101
01100110101110001100010100111110 11000011010011011110111101101100
10010001100011011101100001001101 00010001001011100010011010010011
10110011100101011010000100000011 01111001110011010000100100011110
01110011111011001011011101110111 10100110101011100010010011001111
00001001010001111000101011110001 11110101000010101010100110101010
10111110000001101001000000111100 01001000100110111111111110010101
01000101101110110100000011011100 01100101011101101011000011011111
01010000100111001000111111101101 00001110011110000100110000110111
10011011110010001010010011100110 10010111100000110010101000010000
10100000101100101100010011001101 10110010000010010101010001010000
01111110000010000000010010100010 10100100010110101110010011110011
00111110001000011010001001111111 01001100001110000110001110101010
01001100110010110010110000011110 10111011100110110011111010001010
10110100101001110111010101100001 01010101000011010011111100011000
10100010110000111011111000100010 11011101001011110010110011101001
10111101000101100011010010100011 10011111010110000000111001000001
01010011011111010010011011111010 11111110100111011110001101001001
10111110001000101010011010011101 11110110110110010010011001101001
11111110011100101101001110111101 10101000100010000010111001110011
10011000001100101111011010100010 01011101000011000000110111101010
00100000101100110000001100110110 11101101111101110001110011111001
00010101101000100101001101111110 00010110110111011001111000000111
01000010110110111110100111111001 01110010010101001011011000011100
10110110000101010100110101010101 00001101011111101011111101100011
10101100100010000010100110011101 11100110110001011001010100100000
00110110100001010100001111110001 11001110111000101001010110010001
01000100000011010101000000011000 01100111011010011010011111000001
11110101101111001101011100011100 10010011101011100111010000000101
01110000111100011001111111000000 10011111110110010010000010011001
11111100110111000111101100000011 00111100000001101100001000101100
01011101000001110100101101011101 01101110100111001100011110011111
11010011111010000011110111111101 11100111101111011011000010001011
01110111011110111110100100000101 11110111001010111010111101000100
00111010010100111110111011101101 10001000111101100101111110001111
00101101110101000100011000110111 00000000010011000101000100011010
00001011101011100011100110101100 11111111110001110010010100000011
10010101110001100011100010000111 00100010111110011101001101100101
11101110111010110101101101110001 00111111100010001110011101010110
01101100101110001111001111011010 10111100001001110000110000111111
01111011110110000011111100111000 00011001101000101011001001110100
01001001000000101101100110010000 10011111101110111010011100111111
11000011001111100010111110101001 10010001101000000100001110100110
11111000111100001111000111110010 11101101110111111000001101101011
01101100010100000001110110110011 11001111101011001111101001000110
00110100111000100100111011010011 00101110001011001001110110110100
11011001011010101101000000011110 00111010011101110110111000100001
01101011101000011111000100010101 11111110010110111000111000011101
10001100101100010011111100011100 10101101010100100111001101101001
00101011110111001001101011111010 01011010100011010010011000110001
01001101100110101101111101111010 00111100100111110000010010000101
00010001111111111000100001010100 00000101001101001110000010100001
01011001111110101010001010100000 00100111111110100100000110100000
00110110011101111111111011111001 01110011111100001100001011111010
11001011111001001010110011011011 01000100111101001011111101001000
11011111001110101010000100110100 00101101000100100110011011110101
00110110101000111010100010111001 01100101011110110100011111010001
10000101110100101111001011000001 01000000010100010111101001111000
10000010001111010101111110010100 11010110001110001110000001010001
00011111010100100100110111010010 00010100110011100100001101010111
01011100111101011011001010001011 11000100000011101010111000000100
01000111010110011011110010011001 10000111000011110110100110111000
01110101100011011101111000100011 01111010001110010110101011110001
00100111010101001101001011001011 11001110011110011001011110110001
00100111001011010111000011100100 01110111110010011110011001100111
00110001010011101001110000100011 10101110100110110010011100111001
01100101111011100110011010000000 00101001000110010110110111010111
01111110011010111001110111111100 00000110000001100110100000110001
10010001000001101011010011011001 11110011010100110101100000111110
11010011100110100100011110101000 00001010110100100000100011001100
10111000110100001000111000000110 10101000010000111001000111101110
11100010100101100001111001111100 01100111100000101001111011111010
01111011111110001011000111000111 10000010110010111100001001100111
01000011001010000001001011111001 01011010110111111010110000111000
00011101011110100010011001000011 11111110010000110101110001100100
10111011110100000111010101000110 10000001011001111001101011011110
01110011000011001110001011001011 00101001100001100101010010111100
11100111010010010100110011001000 10111100011101000110010111111000
00010001010101011101100010010101 11100001101110101101010101110011
11001100010000101010011010001000 11010110011000011110100010101000
11111001001111011011100000010101 01110001101010011000000111111011
11110111101101010111101011100000 11110100011010110111100011010011
00100100000011001011000110010101 01011000011110010001000001001010
01011110000110010100111010100011 00011001110101111100101000111001
10101100001010010101101001100111 00101100000111000001110001001010
00110010110100001100101000001001 11010111000011100010010001110110
01011011101101010001110010101111 00101111110110011001110001101111
11001101010000101011110000001001 01011011011011100100101110111011
11111010010101110001101101101110 01001001001001101001111100101110
11101111010011010110111101101011 00000110110110010101110111100110
10100010010100101110101100011001 10110011110010010110101111001101
10010011100101101001000010001111 00010010001111011010100101101010
10011101000100000110001101000001 10010001000101110001011101101000
01010110111010110000001101000101 01011000110100011001100011001101
11100101001111100000000111011111 00100010000101000001011011100110
00001011110111100101100000011101 00000011011110011101001111111111
00011001011100101010000000110101 11101100010110110011010000100111
01101001010110111010101010011111 01110101111101101001111010101011
00101000010100110100000010111101 10101001110101000010000111010101
01101101110110101001101110001111 11100111010010110100101000000010
11111110101111011110001110011110 01101100100100011111101000101100
11110010000011011011010010111100 01001101011010100100111100111111
01101101000111001001100100100001 11101010100101101101000110100101
11001010010010000011000001011011 00010001100011000111100100111111
01110011100111110001110110010110 00000100111100101100110000000101
11000000111000101111111011111011 11100111101001000001101001000000
00100110110010100111001101101100 01001011110100101000000010010110
00000101000101110001101111011010 10001101100100010110010001100001
01110101011010010010111101111011 01000111111001011000010000010100
11101111101111010010100000100011 11001000001110101101001010001010
