XXXXXXXXXXXXXXXXXXXXXXXXXXXXXXXXXXXXXXXXXXXXXXXXXXXXXXXXXXXXXXXX
0000010011001011001100111100110101111111100100111111011011110111
0100110100100111101100010101010101110110011100010000110101100101
0001101101100100010110010000001010111000010101110101110110010000
0010001101010000010011000011011000000011110100111110100110010100
0010100101000100111001011111100110110101010001000010110111011010
1010011101000111011000110011001011011111101111011100110100111000
0000011011000111101000001011011100001000001110010000010011101000
0011110001011111101110110010001100101011101001111001001101000001
0000001000001000100000011100111010010001011111111011110101110000
0110110111011001010011011100011011101001011111001100100111010000
0011001111010101100011100010010101001100011110110110111000111110
0010100111110110110111100110011010011010101001011100001000010000
0110001111110010001011100000011101000010000110111001110011000010
0000010100000101110100011010101011101110011000010000001000111110
0111011001111100001111011110010111110101101101001010101101001000
0000101111110001001111111001110110110010010000010011011001011000
0100011100010010011011001011010010110101000100000111011010011110
0010010100001001011111110111001110001000100111101111101010011001
0010101000001100011100111001110110110000000010010000010010000010
0010000101011000001100001011110111111010010100101011010010100000
0001011010110001000001100111111011100111000111111001100110011101
1010011001001101011101000100100110001101101100100101010001101101
1100110000010100010110001001010010010011011101101111110110011001
0100101010000100010001001100001001000000110000000101110001110001
0011010001001101101010001111111100011101111110111100111000001100
0001111110011001111010000111111111011010001000100101110111100001
0010111011100111111111110001111111111101000100001101011011110100
0110010111101100011011011001111001101101110110110001000101101000
1111000001000110010111101010000010110110001100000001101111111010
0101111100010011001011101100100101111101110010011111010000110000
0001001000111101110101101010111001011100100100111010111111000111
0010010000011110001001010110001110001010101110100111101000100000
0110010111011011010001100101100100110000111010101110010110111010
0000111100101010111000000110011011001011000100001011001110000000
0001011111001011101111111100010011000011101111111001110101000000
0000010101010110011111101010001011000111001110010101000111101000
0011011010010100111000010111000101100111001000000110001110110110
0000000001010001001101011100000001010011011110011100100110111000
0000001111010000000110111111000111000000011001110101101110111111
0000110000101010101110000111001101101000111001010110000000110000
0111000010000001010011101101010100101100111110000010000100011110
0001111000011010111011000000010000111001011100000110010001010010
0001000001001011110000011010001110101010100110100101111001001000
0010011110110010110011101011000011111111010010000100000110111000
0111100001110001011100011011001001100010101001100011011000100111
0001011001101011111101110010000000011001001111000100110010111110
0001011101111100000000111100101001110001000110110101000101111010
0101101001100010011001001100000011100010010101111010110100001100
0101101000110100100101100100000111010111010010101010010010101110
