10001111100001000001111010101001 00001000100011010000110010011111
11000000100001011011111001001111 01100110100110000010000000001011
01111010001001000111111111010011 00111001011010010100001000110000
11111101011010001010101100101101 00100011101011001011110001100100
00111010111011011000001010101011 10110011010010010001100110001110
10110111011001101000001100111011 11101001011111110010010000101000
11100000101100010010110011101000 00000111101110010111011100000001
01010111111001111010010010100001 10101111110100101100101010100001
00001001011011010001111100011001 00110111001110000000011011110000
10001011010011000010111000110101 11001001111000010001110010010000
01000110101011010010110010010110 10111011110000000010110111111101
01000110001011011101110000101100 00100100010110010001010000001100
10101010111110111100111010100101 10010101101001000010000000011010
01110000111101110101100001111001 00001011011000011110000010101110
10101000111111000000001110110110 10110011011111110100110000101100
10111101111000010100011111000110 00010000000110011101011111100100
01101000111100100111110110101010 10101101010111100000101110010011
10010111101111000011010101001011 00111110011111001011010100101011
00110110100011001011011111001010 11000101010101010011111100101101
01110101111100010100100001111000 01001000011000000011100000101100
00101101010100001011010101010001 10000000001100001111110010001101
10101000000101100101100111010111 11111101010010000010001101011011
11111000111011110000001001110101 11010001110111110110001000010101
10001110111001010011101110000101 10000101011111111000001011111101
00111000000111100100100010000100 11101110100110001101100100100011
01000001111001000011001000010111 01111010110001101100001011000111
10001000111010010011111011110100 01010111101101001101111000000001
11001011100000000001110110001000 10000000001101111101000100111101
11111011011101111101101101001010 11110100100110101101111101111001
11111011000101011010110001000001 01100000111011111010100000110000
00100110100101001100100001100011 01111001000010100000111001001101
10111001100100000100010001100000 00110001110100111100111101111011
10111100010011000000011000010010 10001010011110101100001000110101
00100011101001011011111000001110 01101100111011001010100001000000
01100101001010101100110000011000 00111100001101101111010100111000
00001001100101111000110010100100 10001110011101100100100111101010
10011100111100100110000011010010 01011001000001111000011110100011
00000001010110000010100010101011 00111100011010000100110100101000
00001000011111100010000000011001 01110010111011110111010110010111
00010101000111100010100110100010 10010011011111100001010010011000
11111000101000111010111100101110 01110011110101011110110111001001
01001110100001011001010001110111 01100010001001100110110010111110
01100100101001110010010110101000 00101001011100100110101101000101
01101000111101010010110100111010 01100000110100111101111110001100
11000000011000111101001000101001 10100000010000111110111111001111
00100110110001110101000111111111 10010100000001001101011101000010
10111010010110011010111001010110 00100000010000110000101110110111
11100011001100110000001100001100 01100101110101111000001110000001
11001111000111111100100011110011 01101111011111011101010000011010
01010010110001101010111011110101 10010101000101000101011110101001
11100000101101111001000011100010 11010101001111100010000111011000
10111101111100110111010111101101 01101011101000011010101001001001
01110100110101000110111110110111 10100100111110011110010100010011
00001001011101111100011001000111 10010010010111010011001000011100
01111101100110001110001111011000 11111101111111001010111011000001
00001010001111001110010101101100 11001110100101011100011111110100
11101000100011100100000011110101 11111010100010010011000111001110
00111111111010010001011111110000 00011101001011111101111101011100
01101111000110000001001101001000 01110100111100010010010100110000
11111100110011010001111101101011 00100101100100100010000000100010
11111111001100010100111111110011 10011101001010011010111010010110
10100101101100000101101010110001 01001010001101110100001100000000
11100000100010101010011111111000 00111111110001101010010011011111
11100111100101111011001101000110 01110011101011000111011101111110
10101100000111111010100001110000 11010011010101000111001100000011
01111101011000100100000001100001 00010001101110010000101111001101
00010011100100101011100111110101 10010110010100000100110111110001
01010000100111110101101111110000 00000000101101011010011011000110
01100111111001001001101111011101 01100111111010001011001000110011
00000100011110100001110100010111 00100101100100001101000110100110
10101111011010100101100111000101 10111000110011110111010011001100
11001011010110011000111111101010 01010101010111000110010101000010
00010101000110000110111110001111 10011000110010101101100111101110
10001111010110110110010000110011 10001000011011011011011110010101
01010101000101111011011000010011 11001101010110000000011011001000
10101011001011110001011100110010 10100010110101101110101000101100
00100111010101010101000110110100 00000010101011000011101101111101
11001000000000010100110010111000 01110011111001011110011111101000
01100110100010100000000011011110 01101011010111010001010011110010
01011101001111111010100101111001 11110001101011110011101010101000
00001010110000011111011111110111 11010010111011100010111011101011
01001101100111110110100110001100 00100101011111101010011110010111
01111010110101101100011011111001 01101101000111010101110111111011
00000110010011100010010000110011 00110001000010000000010010111111
01011010111100111011111001011100 11000101001010001001011101101111
01010001010110100100111110010011 01100111001101010011110000101101
01100001001111101000001010011110 01011110000000001010010101001111
10000101110001001010100100000010 10010110010010000011100111010100
01111101011111110001110110110011 01101001101001000110100100110001
01101110010110101110010001011110 10100001000101000110000000110100
01111011000000100101000111101011 00011000001101100010000100100110
10011011110000100011110101000100 11011011100110010010001111110111
11111111001001101111101000111000 00001110000001010101101001100111
00101011001000101101011000110010 01011100000001001101110110001100
01001011100111100001111110010001 11001001000111000010000001011010
11110000011010011100101101111001 11111111000011101000100010001001
01001111001000111110111100100001 10000111111110110101110011000101
10110111110001101111000010001111 10101000100101110001011111101101
11111101011100010101010001100000 00100011000110111010101100101110
11000111011100001101011101000011 00011110110000011000001110010110
00001110011011101010010101001101 00101111001011100101101111011100
00101111100110111110100001001111 01010110001111110010111011011110
00100111001111110010101110010010 10011011011110100110000111110011
11101110010011011010001000100101 10011010000101100101111100111111
00001010110001101110101011001011 00111101100001001100011000110001
00001000001000001101011000000110 11000100011110011111010010010001
10001010001011110101000001110111 01100000001001000111000001101010
01111100000000101010110100100010 10010111111101000011001111110000
10011011011000010001111000011001 01101111111011000001101101110001
00101110111011101010110001100111 11110001111001011110110101100011
10101100110101101000001101010111 00001100010110110111000000100010
00110111010101010110100100010100 01110011010011100101000010000001
11000001101100100100000100001101 00100010001001110001001101010110
00011110100001101011111110100111 00101001110000111110110000110100
00101100110111100000111011011011 11011111000111111001011011111001
11010001100000000100111011101001 11110010011100111011000010111111
11110111001010110010000110110100 10011111011100111101000011100111
11000010000110010001110011101000 10101001011011001110010101011001
00000011001010010100111100000111 11010101110000011101110001101011
11110000101110011000010001100000 10110111010101101010010001000011
10111010001010001111001011000100 00001111001110100011111010011010
00101001001110110101000001111001 00000111000101111110001110010110
01100001000101111010001011111000 10000111011010100101010110101101
00000010011000000011010000001000 11101000110111000000110001010010
10100010100111101010101101011011 00101001000001110011110011100000
01000001101100010001101000010100 01010010011011110110000000000001
01101010000110011110111111111111 00001101001101000011101011000100
11001011100000010110010000001101 00100010100110100101011011001110
10100001010000110111010111011101 00100111100101100011010000111100
10110100111011110110101110110001 10011011000101011000001000111100
01100100010001110111011000111100 01000101000001000000011111001011
11110001011001000001000111101100 00101011111100000000110010111010
00001110011011110000110000101001 01111001110100001010001011001100
10000001011100100010000010011010 10010010100100110111110001100001
00100111010110110111011110110111 00101001001001100011111011001011
00000111010101001100011001100111 10000100111000101011111001001011
11011100001101000001101010010101 10110001111001000011010000110000
10011010010011111011111100000101 00001101110001110011100010101110
11001110111100001010001101100000 11000011111000110001100000100110
11001001000100110111001101100111 10111000101010011011111110000111
00101011111000111000011101010001 01101001110010111001111100010100
11101000101100111100101000000001 11011011000001011101001101100111
01011100001011111010111101100111 11111101000000101001001011001001
01101000111111111001011101100000 10110011011100000001011100100110
01111111110001110010000100100011 01010111101101101000011001000000
11001011001101111000010000110101 00000000010100111111011101111010
11011111011001011110100111111010 10100011100100010100010111110111
01000011111010101101110100101011 01100000011101100100010100111001
00000010100010000101000101000111 01011100100111011110100000010101
10100111110101011110111110001110 00010011010111010000101101101111
11111010100110111000001000011001 00010000101000110011111010000110
10000110011101101111010100011011 11111101101010001101000101010011
11001001000001000101111111011001 10100011110100010110000100101110
10111110011001010000011000011111 01011111000000100011110111100101
10011000001111110101000100000000 10010010111011011100111111010111
01010000011011011010110100001000 11101010000111111011010010000011
11000101111011101010011110111111 10111111011110000100010011000100
11001101100110110011101100001001 01101000110011110111110110000100
11001110100101000110000010010111 00010010101000000100110000110000
10000100001101011111110101111010 01010011101111101100101010101101
11100101101010011101100010100010 10111011110111001100000110011010
01110011010100101101000111101000 11010100001001000000100110011001
10100011110011000110001000111111 00111001100101010111010111101110
01100101101011001000100010001100 00110001001111111100111101101000
11101110100101101111011100111100 10000011000100111101010101100100
10010010010110010100100100010100 11111010001100101110000010010111
01001011111101010101110100011110 01001111110000010000010110110111
10010010101111000100101101101000 00111101100001011111101111001110
10110010001001111100010101010010 01110111100111110100010110101011
10001000110100010111010011110010 01101110110100100110010101101010
11010101110100101111110011000010 11101010000101001001001010101111
01001011001001101000110101101110 01001001001001011111100000111101
00000101100011100100101000011111 10000010111111010011010010101111
11001101100010101010011111011001 11101000010000001011001000011100
01010010001000011100110101100001 11101011011110100101110100101111
00010010000000000000110010010110 11011100101110100101100101000100
10011011010001000001000000010000 00011111000111000111101001011011
11110110000000111110011000100000 11010100100000001011100101000010
10000111010000010111110011011100 10101010010101001010011101001101
10111101010011000001000001010001 10100100001001011001010110111101
11110000000100101111011110101100 11101011010001110100111011100111
11111011110011111010010101110111 00011100101101001111011000000010
10000011010100011011001011000111 11111110100001110001100011100110
11001000101100100101110101100100 00010100110101111101111001111001
00100100101111000100111010000111 11010100010110000101101111000010
10010110100001100110011000101011 00011011111101010110111110010010
10011010100011001011011001011101 01011010001000001101101001001010
00000011101101100000101010100011 10111010011001011001010100000011
11000100010011010010011011001011 01000000101001000111000100100010
11110001100010101001001100000111 00001001111011010010100011000101
10001100100000111000011101101011 11110100110011010001100110101010
11100001111000011001111001010001 10001001101100001000101100000100
10110100100000111100011111010011 00110110111110101100001011000101
01100010100101111010011001011011 10110100001000100100101101011010
00010100101100101111110100011001 01000001011110101000101010111011
01011000011110010011001101111010 11001101011110100010001100000001
01001001000001100010100110110101 00101010110110110000010001111001
01111010101111100100100101011010 00100010101011101010100000011010
10111010011100000010011111101001 00100111000100100000110101001001
00010010110011101010001110101111 00010000000100000000110101001010
10001011001010100110101110000000 11100010000100010111011011000100
10100100010011101011100100110001 01000010000001001100011110011101
11000110110110001000111111011111 00110010000110110001011011101001
00010000000011110100011011111010 11000111000010100001010110100111
00000101110100110101100110011000 11001001001000110011111000010100
11000000100100111010011000110100 00101011010110101100011110001101
00001011011110000101101000010111 10010011011000101001100101101011
10101001111011011001111111000000 10000110001000011001110010101100
01111101101101111100101100100011 11100000100101000101111100010000
00001110010101110000001111101100 10011111110011010101100001100010
00001101001000001111010111111110 11100011010110101110001101001011
00000100000011101000000010110001 10011001101111000101111111000110
01110011010010110010101000010100 11010010010011111001000010010101
01000011011001101011111011101011 11000111100100111001111000010100
10011011111000011101011101010000 01011011001101011101000100001100
00011011101111001101111001110111 10000111100101011011100100101011
10110111010100010110101100000001 10010100111100001010010010010110
01111000110011110011100101000010 00110010100010010000110011110001
01101000011101001010101000111100 11111001110000010010001001000101
10100111111011111001000010101110 10111000010111011100000101100000
00010100001001101100001001101110 01011111110000001100101101110111
10001110001011001111000010010000 01110110001010111011000110010001
10100110110000111011010001010010 01101101000110101010001011001011
00100011110101001001001110010011 01011011110001011100001100111010
10001111100000111101000101000100 10001001111010001011111010111010
11100111111110000110100000001111 10111110011100100000010111110001
11001011010101011010100100100110 11110101010110000111111110100111
10011000100100010000011111101101 00110010110010110101100010000110
11111101111010000101110011000100 01111110000101001111001000101010
01010000101000000011010001011010 11001000100001100001110000010001
01100000111110010110010011100010 01110010100011111101111011001011
11110011000111000011000000011100 10101100001000010000000110001110
00011001101100111110101100111111 10011110100111001000011010110001
00010101100100010000001101000000 00110101000001110000011100110110
10111010100010000011101001010010 11000001100001000110100111110110
11111100011000011100110010111100 11011110010010111111000000010010
10101101111110010101111101100010 00101001000111100101100010000111
01011101100011011111010000110010 11100011101001100001011110101011
01000110110010011000000010111111 01101000011010010101001010100110
10010000010110001011010000000101 00011011011010001101000110001111
10110101110111001110000111101100 11111100100010110110110010110111
00101001101110101110001000011100 01010110001111110100110011101110
00111101001101000100101100101111 00000000110010010001110000000101
00011100100010001111111100011010 11011010010001011011010101110111
11110001000100010111011111011100 10000010000000110000010101010101
10010011010011101110010000111001 10010001010011000101011111010001
00111100001011001101011000011010 10010111011110101111011111000111
00101110100000001011100100011100 00111001100100110101111110111101
00001110001010111000010110110001 10011000000111010110110011011111
00010100011100001111111100000101 01111000000000000111111011000001
11011010101100001111001000111011 01100111001111110110011101111000
10011110110011010011110011100101 01010110100111010110110110000001
11001000001100001000101011100000 00101101110001001101100101011001
10001100001010010100101010111011 01010010000111101110011001101010
11111011101000010000010101101001 10011110011111010111000011100011
00100101001100000100101100000101 11101100110110000001100000001001
10011011101110110100110000001001 00111011010011101110110110000111
11101101100110010000110111111110 10110010111011001011101001000111
01010100000100001100001101110010 10100111110001111110111000000000
10000000110010101010101110000111 10001111110010100011011011000101
01101100111101100011011010110010 01011110110111101010011000001000
10000101010111110111101001000010 10111110111100110111111101000110
01000110100011011100101101111010 10011000110110010100110100100010
11010010111111011101100000000011 11001001100110001011110101001101
00010010110101011110000010000111 11000011110001010000000001101011
01010101011100010110000011100100 11001111010001010101111001000111
00111101110011011111111000111001 01010001100001100010011000000100
01011101101100011001101001011000 01011000111110000001110111101100
10001101001100010101001000010111 11010010110100000101000101000011
10101001111001010111100001110111 11110011111100000011110001110101
10101101011101111001001110101000 11111001001001101111001110010001
00010001011011110110111000101000 00001110110110101110111011011111
10110110110111111011000010000011 01011011111110111000111000010001
00010011110000011011101101011101 00101011000101100011101001111011
00010011111000110010100111001110 01000110111000101111100101101011
10101111010010001101111100000100 01010100111111000010000010100100
10000110001001000110110100110001 10001111010010110100000000100000
01110101100101011010010111101101 00011011000110110100100011100110
11000111010100001010001110010111 00111101011001110111111000111010
00011000001110000110111000010111 10010011000110001111011001001110
01010000001000000011000100101100 00011110001001001011100000101000
01110011101000110111010111001100 11100000001111101100110100000001
00001001100100101010000011110101 00001011010000110000111101010100
00000111000110010000100110010101 01001000001100110011011101110101
11010011001111001100100000010011 10100010110000101001000110110111
10000101101100101111000011001100 10101010001001111100100100111101
11100011001011010011010110011100 11111011100011100010110101100000
11110100001000010011110000011101 11111101110101100101010100010111
01000110011011011001110100100100 11100001011100111110010001000111
10111011101010101110110101100011 11001101010100010111110011001100
00100110001101000101000110000101 00000000000110110000110011011111
10100000010111001101100101101111 10010000000010101000011011010110
11001101000101001010001100000110 01010110000110101010101010001011
00001000001010001100010110111010 01010100101010110111111111110011
10000110001101011010001100011100 11101001010100000101011000101100
11000001100100111101110111110111 10110011110000111100111111001110
10100100101111000101000101010000 00010110000111100010010111101110
00001111000000011010100010100000 11100110110010011101011100000001
11011101111001010101011010000101 00100010010010010100000001101010
11101001100111101001110011110001 01111100100010101000111110110111
10110111001010000100011101001010 10100110111101001111011101101100
11010010101101011011101000001110 01111100111101111101011000001010
10100011010000100101011111111011 11000111100011100110110110011001
00011111001001101110000001111101 10011011110101100111000011101000
01010110001001111100110001010111 00011111100100111110010011011111
01101011001001100001110011100101 10101110010111010101100010011000
01000111101001111111001001000010 00011001000100110001001110010100
10011101011100111001101011011010 01101010010010110001010001000111
11111001101011101001101111011110 11011111000010001100101000011010
10110100000100100101010010101010 10000100110100010011111100001010
01010100111100011011110110000101 01011010100111011100111000111111
01010011001101011011001000110100 00100100001001111001101110010001
01110000011010111011001011001001 11000111011100001001110100111110
11100111111010001011000001101011 01000000011011000011110101111100
00110010111101111111110001001000 10000010100001111100011101111000
10001111100100111010111101111111 10001111100000000101111110000001
01100010001011010001100000000011 01110011111100011110010010111101
11010001111101010111011110101010 10010101001001010001001110001110
01001001100011101011110010001000 01100001010100111101011110100001
11011010000101101111111000110100 11110111100011001011101100001011
01010100001001100011010111101100 10011110101011110111100010101010
11011110011101001111000010000100 10110011111111100000101101101111
11001100011001010011010011101010 00110111100001010111011111000010
01111011101011111010101101110111 10010001101100010000010000010111
11111110010000110100111100111101 00001111011110111110010000000111
01100010111011100101100011100000 01001000000101110111000001000111
00100110100100111101010001010010 01111111011011101111110101111111
01011111010010001111110000011010 00010001011111011010001110111100
00001010001010111110010000101001 11111101110011000001001111110000
00101110001010110011011001010111 00101111001001010010100001101000
00101111010101000001000101000011 11011010101110010010111100010100
11001111101111100010101110100110 10011111011110000011110011110100
11000100010111001001011001101011 10101100100111110000101001010010
10101100011101000011111101100111 11111001100110100111011010100110
11000010011000001000101011100111 10011110010110010111010110010011
11011001010011000010001100011001 11111101001101001000000100101110
01010100010001111101110010011110 00101011111110000100110001100110
00101100010110011010110101100110 00111001000110111001011001001100
11001101001100011011001101111010 01011010101001011101110110100101
00000001110101011001111010000000 00110011101001001111010101011000
01100100011001111100101001001110 00001100100101010001111111100111
10011110010011001000101101100010 00111101011111001010100011001011
11111101110101110010111001010100 01101111111011001101101011000010
10110101100001101000001100010110 11111010010100101110001111000001
11010000111101010101101110001001 00110111100001111100001110001001
10101010001000110010010101110011 01010101110110101100011000001100
10011010001000001101011111000100 11110011010001110011100010011100
01001000011001001100010111011100 00001011000100000100110001000011
11101010010010000000011000111101 00111110111010101111010100100000
00111100101101000011000001111101 00001100100110001011001011110000
10111101111100101000000000101010 01111101001111100010011001100101
00111111110010000000100101010011 00011000011110010001111000010000
11000101001000010001100100100011 11110010110110001100111110000111
10001111001010010011011000001101 00100011101100101000111100111110
01000011101111100001011110110110 01100010100100010000101010010101
01010011110100101100001001001001 10010101101000011011110001010010
00010001101000100111101100111001 10000100001110000110010010010001
01111001101100000000000100100010 00100110001011011011001001110011
00001010010101000011101000011010 11010101011001010001100001010011
01010011101001110100001001011000 01011101100000111010101110100010
01011010110101110111001000001110 10010001010000001101101011001110
00001101101011111000011110001101 10010001001011001011001010011110
00100001011001110100110100001010 11011111001101110110010011011100
11010101110100001000010110100101 11111111101110101110001010111000
10001111111101110100011101010101 01100110000101010011000100010111
10100001010001000000111010111011 10111110101110111100010010011101
10110011011001111101101110101110 11101100011011110111100110011011
10011110111001111100111001110101 11001101000010010000000000101000
10110001101011010111000011101000 11101010100001101111010001101101
10110000101010001100011011011110 10111110010001000110000010110001
11011011001111010100100010011101 01111101011001000111100010100100
01111011011100010001100001001010 10001110010110101011010101110110
01010001010001000110001001001110 00110011001011111110101111010000
01001100011010001110111110101011 00100110011001010001111101111011
10111010110111101000001100011111 00011010110010010100010101111111
00010001100011011111000101011010 10000001111000001001001110010011
01001110000111100010111011111000 00110000010101010111011000111100
10001010101100011011011111011111 11110110101010101110001101010000
00110001011100011110010011111101 01101011010111100100100000001101
00011001010101111010000001110110 11100011100000010101010011110001
10000100011100000001011011011101 10110101100000010101101101011001
00000001011100100101011101101111 01010001010010010111100111000110
11010011010000001110000110011000 00110100011011101100110010001011
01010010010100110000100101010111 01011011010101100101111001001101
10111001010110110011110000101001 10010100111001000110000010110001
01101110101101010101110110000011 10111111101110010011011011110001
00010110001010101110001000101010 01001001011001111011101000000001
11010010011101101011010001100110 01110110110101000111000110111010
01110101110010111001110111001010 01000001011011100111011111010001
00111011101101110111011111110111 10100011011110011110000010010001
10010000011000010011110011110001 01101101011110101010010000000100
00111000001011001101001110001010 01100100010100010000000000110100
00001010100111100110101011101100 01000011100100100000100000000001
01111000101000100111111010001101 10100010111100000111000010111110
10010000000110001100000010110000 11011001001101000010010110111001
11011100000000100000111001111001 10011101111001101011110011010001
11011011011110011001010001000001 00010110000001110111000101110000
11110010000001100010011001000001 10000011101110100101000001010011
11011010100000111100011100000000 01100101101100010110010101111100
00111000010000001111001000000111 10010101001010111001000001101011
10111011010010000101000011111101 10001101000100011111100011111100
11110001010110100100111001001100 11001001001001101111000110100011
01111001001011110110110001001100 11101011011000110100110011000010
00111100000111100111101100011110 11110100001100110101101110111100
00101111011100101101001001110110 00111011000010111010110101000111
11000001100011000010001111111000 00111100100000110001000100010001
01001010000111100101010010001101 11010010011111000111000001011110
10001111110011000100001000001111 10011111101000011001011000000100
10111100111111000100010001010011 11110101100001111110001111001101
11010000001110100011100111010100 00110110000110111000110101100111
11001000100101000110111011110001 01001001011100110001101011111010
11000001010111111100000000111110 11011111000001110011000011010110
00011000100011001001011001011001 11010111110000110010101011110010
00110001000000110111010100111101 11011010101111010010110100001000
11001110110010001010011110110101 00111111010100111111010101100101
00011010000110101001111111101100 10100111110101110011111001100011
01011101111011011010111011100000 01001000010001111001111000100010
01110100001011000011110101011000 00101001000010101000001010101011
01111101110000111111000010111010 11011001110011110110000111001110
00110111101101100101010010100100 10001101001101010100110011000110
11101100100101010000111000110000 11101010100110011010000111001110
10001100010110100101010010000111 00111101001001111110011001001101
01001011001011111100111011000000 00000000000101110000111011000010
00110101101000000010000111111111 00111010001111110011001110001111
00001000111101101101011111000011 00101000000010100010010000110001
00001010111000001010011101001011 10001110101111011111011010001010
00000010000110100011000101111011 01111011100001010111111100111101
00010000001100000001001011110011 11111011001100101000100011001111
00100010110100100111100000110000 11010100010000111110001101110101
01111001010001000100010100110001 00110011000101010010111110100010
11001001111000001000111100111101 10010111010101010111111011101100
10010110110001101110011101110100 00110010011111100000100010011010
10111111110111100111111011100001 11011011010011000111111010111001
00011101011101001001000100010101 11000001101111010001010111011101
11011101110111110110111110001101 11010111011110001100110010001111
10010100100000010010000011000010 11011001001000001101100000001100
01111110101011101111011010011000 11101101111011101100001010010010
00100110011000101011011100101110 01000100111111000011001000100111
10001100010111000100110100000011 11001010000111111100000011101010
01111101010101111001111101101010 11000000100010010000001001010010
01100111100101000110010010100100 00010111110111110110110111111010
01001100111100110111101011100011 01101101000111001111011001111011
10110011101010011111111011100101 00111110101111100110100111101000
00011100000010111110001101001001 01110000000000100011100010000110
11010110110110001000101100011001 10000011111111100000100101010101
10100011000101010101101110000100 11101110111011001100111011111110
01011101011000111101100110100101 10011010100110100011110110000101
00111110100000101010000101010000 00010111010001001100110101100010
00100111001001101011001011100001 11001000001010110101101101000010
10011110001100000101000111000000 00111110001000101011101101101001
00110010011010010011111010100100 01000100100011111010101001001011
11010110010001100010110000001101 01111110010000100001000100110010
00101000001111101000111101111001 10010110101100101011111101000110
00001111111110001011010001010101 11110111010001001111111011111001
10110100000010011111001000001101 11101101010100111111000110000011
00111100001011010001110010101011 10111000010101010100000110010100
11110000101101101111110110000010 10111100000111101011001101000101
10100101000111011000001101101100 01000101101100100110110001000000
01011001000010010000101001100011 01110110010010000010000011000001
11000001011100101000010010110100 10110001010111011010110010101001
10011011111010000100010011100111 00010111111010100000110111000010
10011111000101110101011111010111 00110001010101010011011000101100
01101010010000000101010011011101 00101000010001100111111010000010
11101100011000101101000110010010 01110110010101101110000000001111
01101100001011110010011100000101 11110110000101100001101100101110
11111100011010110001101101000110 11001011011010000001010110111111
11011010100111010110100100100000 00100111111111100111000100111000
11101010100010011010111000111011 10101000110110000101011100001101
10010101011100110100011001100000 01111001110011000111010100111001
11100100101001001000101101000001 10000001101111000011101000100111
00001111010011100100011000000000 00100001110001011100010011000100
00101001100101110001101101110101 11100101000111110101010001100101
11010111001111111100001101111010 01001010101100010110111110000011
10101111101011111010110101100001 11101010100011011001111100110111
00011100011011111101000111001001 11000100001100001010010011011001
00000110110011011100101001111100 00101111001001011111100111011111
11001100101000010010011110100000 01011001000000011010010110011001
01010110010011011000001100001000 10010100011111111011111010000110
11011111101011001010010110011010 11110000111111101010100110111111
10101100001000000011001110101100 01110111001111011001111111011100
10110100101011000000011111000100 11000000111011100100001100010100
00010000000100001110100011001000 00010100000111001000010110010110
10101010011110010110110110001110 00011011011001110011111101110111
10110000011111100101111001001100 00011000111110101101010110011011
11010001100010010000100011011110 01001100011110000101001100010101
01101110010100011100100001110010 01101110110110010000110001010100
00001010101100010101111101000110 10111100101100000000011101011111
10100010011101011100010010000011 00001010110000110111000101110001
11111010011000000010011010011011 01001111000011100110001100101010
11011110010111010000111110000100 11101011101001011110100000010000
11110100111101101010000010110001 01101100010111011101000101100101
11111010101001110001001100001001 11101111111110101101111010001011
10101111101101110001101111100101 01111110101111001100000000000111
10101011001011011000001011000100 00010001101001001101111001100001
00010001100001000100010101110010 10101011001001101100111100010111
01110100100110011100110000010100 10011111101000010110110000111101
10110001111110100011101011001101 11000111011001111011100000010110
10001111011100000111001101111010 00010010110101111011011001111100
10110000101101100011111101000100 00011000001110101000000111001110
10110001010010100101100101001001 10011110001110000011111111000010
11101011111000100001011110101100 01001011000000001011110011001001
00000111110000100000000001101001 11001000111011011000010100101111
00001001101110110010011010100001 11010100011111111011011101010001
01111111000111000000111001110101 10110001011010010000100001000011
00100110011101100111100011110011 01011110101110000010100011010000
01101000100101000010010010101100 01011011011000000010111111001001
01101100101011000101011111111100 11011110000000000100100111011110
10011111100110000100001000001011 10000010001001001010010011000101
10000110101110101010010011111101 11001000111000000111110111111011
11010011001111011111001101111111 01000001110010010001111001011110
00010000001001110111001111111110 01111101010110111100011001010001
10011101011001101101011110001010 01011011010100110100011000011000
10110011001111000011001010110110 00000111000110000110100000001001
00000100000111001001101010101000 01110000100010011101000000110000
01011010110011110111100111111100 00110011111000011100001111011110
01010100101001010010100011111000 11011001111100100000010001000100
11111111111010100000111110000111 00011000111110111011110100101111
10110111111011111000110001101111 10110110111101001100100000110011
11011101011101001000011011000001 10000111101000010111000100100111
01101100001011110100011111100001 11101010001111001000011100100010
00100101101001001100011000111011 10010000011110111111100110011110
11101010011110010111000011111010 01001110101111101111101101010001
00110110101111011111101110001101 11011011011111101100001000010101
10101111011000000000101011100100 10110101110000001101101101000111
10000001001000100010111000100100 01111000000010101011010111110010
01001001010100001011111010111011 10101000011101000010101010110011
11010011010010011001100001110000 11111111110110110000111011000111
11000110001011001101011111001011 11110101110010101100101000010110
01010010011110111100011001111010 00010001111000010111001011101010
11001000010100000100010000100010 00110000111001111100010111110010
11011101001001111100110101101001 01101111111110110100011100001110
11101001110101001110110110101110 00110010101011100010110001011011
00100001011101000011000001100011 01111100010100111001111001011001
01111110110111101000001011110001 11101000101110010110110000000011
01011010000010000100010100100101 11100001110100110101101111010110
11010000000010101011001001101010 01111110111100001100011010101100
01110011011001101011100100110111 01000100111111111001110001011001
01001101000010101101011101111101 11000011000110100111010000000001
11110110000011011111101111000001 00110011100010000110100110110101
00101001110100101010110100000010 11000111100010110101110001000000
00010001010010111000111111010000 01111000001001000000010001001111
00101001011000000111001000001010 11111010000111100001000000100100
10110101101111000000001000111110 11100011001100111010010001001000
11111100011111101010100010111011 10110010110111110001001110011011
11110101011111100111001101101101 11011010000011110111111001010100
01100000001000101010010011110110 00000000001110011011001000101001
11100101011011101100110101110011 10011011010001010010000001001011
00011100000110001010000101110100 01111110101010010010110100010111
10110000110010000001100101001010 01110101111111000100100000111100
11110010101001100100000010000101 00101100111110110100101111001011
11110001011010101001100110100100 00111000001100101101110001110011
10100011011011010001010100101001 01000011111011000001110001100010
10010010111001110011101001011110 01000100111010110010110011110101
10010101000101001100001111000101 11100010010101100111111101100101
11111000011100110010000010000011 10100000000111101110010010001101
00101111011011110101111010010100 11101001000001110010100110000010
01001101000100101011001010101001 00001101011001001011111111100111
00000001110011000111110110110100 10111110111000001001100111011111
10001011111001110100011000011111 01010101110111111100011100100001
00011111100110010000111000001111 00100011000101011111110010101100
10011111101100101010110110100011 10000010000000110000001001110101
01101111011101001111001101001110 10001000001010111111111010101001
01001101110101000001110111101111 10101111000110011000010110100001
10110101101000001111100101010011 10000010011010100111011111010010
10101000110010100010010100000111 01000001111110110010010000110011
11010101110111000101101111100011 01010100010110111001100010101001
10001011000011101001101111011110 11111010111101110100110100111011
01111010011111011010000111101000 11000110101100001001011101011001
10101111110111100001000011000011 00101111010010100111001001110111
00101001001111100001001110110000 10000000110000111001011100100100
10101000111101101101110010001110 11000110111101111001001100001100
01110110100000100000011111010111 11000110100110010111101010000000
00001011011111011111111111011010 01011111110011011011111010011000
11110101110010000010100101110001 11001001001001110111110000110001
11110010100110011100010000010100 10010011111110010101101011111011
11110001111010110010100101010110 10010000110000010100000110101101
10000001110110001110100000101000 01111101111111100010001100101001
01010101000011001110111011011011 11101100001001100111101001101011
00100101110110111101101011100110 01001101000010110110100111001101
01110000111101011001111101111000 00010011110111100100001001010100
00000000011101001100001010101000 11000110101101011101100011111010
10101010100111111000001011010001 11000001010011111001001001010101
00101110110110010111001000010000 10010000010000101100101011001000
11011000111001001111011111001100 00100100100011101100111101101010
11000010111110110010100110111100 11001100011111001011010010011001
10010100111101101010100010001001 11100111000010010001010001101100
01111110000101100000001000000011 01101010010001101101001111110000
11010000000000000001101011010000 00011110010100111101101100011010
11110101011110010110010111110010 00100011000101010011111101001110
00001001101011011000101000100100 01110001011100010111000100110101
11100010011110100100101100110110 00000110010101111000011101000010
11100110011011000011111000001111 10011001101101011110111110001110
01111101011100010100100000000101 11010000111101010000010001000010
11111011110100111000011111100000 01101010111010010110010101011101
00011110011000110100011000111100 11011010110010100110101010010111
10101011000011101001000111100111 00000100111000000000110101000110
00001111011010101101001001111110 10101000101100001000110111100110
01011110111100111000110110001010 01001100010000001101110011000111
01000000010111110001100100011101 01001100110010111111000001010111
10010010111000000001111011101011 11101110110000001010110111000101
00110010011110000011101101101001 10011100001100001110101010010110
00100000110110100110110101110010 10000100111111111100000001110001
11101001001100100000110111000000 00010000110100001100110111010010
01001001101000100111000110110010 00100111100110110011100111000010
01101011111000111110111001001100 11100110001000001100111010111001
10111011100001101011111111110001 00111111101010011111101011101010
10001010000000101101011100010100 00011110101011011100100011100100
00011011001011111011010110010101 10010110100101010110010101001001
01011110001011100000111101101000 00101010101001001000001101100010
10110011100110111001110010101010 00101111001011011101000010000110
11110010111110101111100001000100 10011100111101011101010000011001
01111010000111111110000101000100 00100100000000000000111100101001
01010111010111101110100100111111 00110100110011010110001011110000
01111010001100110101101011010010 11101100000101101001010001001101
00001111100011100100101000011110 10011111010000111110110111011010
11000001100010111000100100111000 10001011011011111001111101111011
00011100110001011100110101101011 01001100000011100000100010100111
11001110000011101100111111011101 01101011011111011101001010100100
11010000000110100010000011011001 00110011011000010101100001011011
01100011111010101011001111000001 11101111111101100110100010110000
11010011100010100100000001010000 10101101011100100001101111100110
10010010000000110010001001010011 11100100110001000110010001111110
01100110101010001001111000100101 11101110101010110011001100100110
00111101110110010011100101011111 00101001110111001011111000101001
11100011001001100101101001110110 00001111100101001111001110111110
10110101101000011100011110011110 11000011010011010001111011011001
10100000110011111110011001010000 00101111100001001000011110001010
01100010010000111101001011110010 01000011011101100000101010011111
01110011101011001100101011100100 01111101101101010000001111011110
11000000000010011000100010011001 01110000011100001011011010011101
10010101110001010010010011011010 00100100111011010001010111111110
01101011101111010101000101011100 10100100110001101001000110011111
01111000011101001000000100010010 01100001001100010100001101101010
01011010011111111101110011111010 00010100011011011100000000111001
00010111111100110100110110101101 00010111101011000010010100001000
11111001101001011010111100100011 01101110101110101000100111010011
11010011110010001011001011011101 10010010110110110001000101100111
00000000000100110101011110010010 10111101101011001011001001111100
10011110001111001101010000101101 00101010011010010111011011011000
10111111000111010111000100010001 01011010100001000100000110010010
00001111010111110010010001100111 01011001000010011110111011100101
01011101011100000011100110101000 11111011001100010001000110101010
10001100110000111011010111111111 11100010000101010111001011010111
11001001000110011011111010011000 01110111101100110011110000111011
10100100101101100100110101101110 10011011001101010011001011100010
11000101110000010000010111100000 10101000101011001010011110100011
01110111011101100001010011010010 00010100101011110001011100000001
01010110010100010010010001001000 01000001111110001110011011011110
10100001000000110100110010101110 11101110100111011010011110111110
01011000000000001101011011011100 11010101100100110101110100010001
11100010000000011100010000101001 01000111111011110000011111111110
10001110010010011000001010000100 11101001110100110110000001011101
11101011101110001110000101011000 01100000111110101111010101110000
10110000001010000111011101100010 10011110001110000100110011011100
11101101111111100010110111100101 11110111010111000010111101111110
01010000000001111111010000000001 01011011011101100011011000011111
11011001110101011000000010001100 11101011000111101010001100010111
11001111010110011110110010001110 10001111010111110100010001000011
10111111001101011101010001111100 11000101100111100110001001110010
01111110010111010101111001111010 00011010001010011110010100110101
01100000011010011001001000000100 01011000110100110010111010100111
01110100001011111101011110010100 01011101110111100010000000100100
01011110001101101100001110010010 00010111111101011010011110001000
11110000100001001111000101010011 10010001101010000010110101100001
11101001011110101111110111111001 01011100100110001111000111110111
00010010011111101110101000100110 10100101001110111001010100001100
00001001001010000100111110010100 01010101111111110100000010101000
01110100011111110000111110111011 10000001001011000111010100111100
11000111011111111001101001011010 11000011011010111110111011111011
01001011000001111010000011111110 01000111010110111010110110111100
10011110100111000100110100011100 10101011101000111111000000110111
11000111111100110110100101111010 11000000111011110011111100001001
10111011101001110111001100111001 00111010000010000010100111010001
00110000100001101010011001100010 11100000110011010110010000010101
01100010100010110010001011010110 11111111000011110100111000110001
01110010100101100010111001100100 10010100100001111011000111101111
01000010011001010000111000110111 01100011011110101110011100010000
10100110110100011110011110100101 11010110100101001011110011101011
10100100011011001001110000010110 11010101101100110000101101010111
00010101100101110100100111101111 10101001001101011110100010011000
10000010001111110000010101101111 11100001001011101100111101000110
10111011100010001110011110000111 00101110100010010100111001110110
11011111010110101111010110000100 10010010111110111001101110001010
00001101011101101100011100111001 11001000000110011101101001111010
10011101000100111100011111110001 11001101101010000101101100000101
10011000110110111101111011100001 01000101000111110000011111011111
11010011000001111011100001000101 10111011101111010111100101111001
00010110000000001001111110000100 10110100010000011011011011011101
00111000010011100011000000001011 01100100010100000110111100001000
00100011010110100011111010110110 10000010011100100001010011010010
01010110101111010011010000010100 01000010010101110001000011011100
10000010111000001111001110010010 00111111010101000100001010101100
01110110010100000010010100001110 01010010100000001101000010111100
11111100110000100111111100010000 10111000011110110000001101000110
01101001000011101111011111011100 00101100010111000111110101000000
00000001110101010111011101110110 01101111101000011101011010110001
00101110000110001010011110011010 01111001111011110111010100011001
00011101000011010010100001000101 10011011111100011111000101100111
00111111011010010100100001110000 00001011100101100000011010100101
10101111101101111100010011001101 11000011011001111100000100000011
00110000000110011001011000100010 00001010100100100000000100110000
11111111000100111110001111100100 10110001011010111110000011000010
00100011010011100011010001110101 00001111001101100111000001001011
00110010010100111010010101101101 10110100111111110101101001110010
00000100101010100100011110000110 10010000100011000001101010100101
00001111100101111110011010000111 11000001101011111110110110100000
10111101110011011011111010111111 01110011010011001100010100111011
00111111000111111000000010111101 10000000000011010110000001100001
01010010011111011110111010000010 10001100101101111010010101101001
11001100100010000000101001000010 10110100001111001011100100110010
11111001111010011111011011110001 10110001001000110011100011111100
10010010111100101000110011110010 00101101001001111100000111011101
00101100010001010110100110101000 11011111000001101110010101010110
10011010000001000111110011001000 10101101101110010101000100010011
11011110110010101001000011101100 10011010110011101000100011110010
01001000110101011011100101101010 00110100110111101110101110100111
11110011110101000110010110010001 00011011000000000010100000010111
00111110010011001001110011101111 10011000001101001111000100111100
00101110101100010001101111110100 11001010010011011110111001111101
11111111111111111011111001000000 00110101011011111001010001111001
10100101111001010010000001100000 00001011110001001100001111000010
11010001000110001010110010011010 01110010010000110001111100011001
10110111011110011101110010001111 01010101100111000110010101011111
10011101111011001100111100110100 11110010110110001010110011110001
01000000110111100010110000010010 01010000000110010010101000111011
10000001101010100011011100011001 11100000010010111010111100111001
01110100111110101000001111100101 10100011010000111010110111110010
11011010000000000111011110000011 01001010001101101100001101111101
00010001000000011111000111011010 00000100010101100100100111101111
11111101111111110000101110100010 10101100011110011011001101101000
01101010110010110011001011000001 11101110010101111001101100101111
01111010000010101111010010110101 01110101110100100010001100101000
01010110100110000000000111011000 11100001111011000011100110000001
00110011010000010011111101010110 00100011111101111011001010001010
11001111000001010100000010010001 01101101001010111101101101011011
11101111110001100110110101110111 11011100000101101010011111110101
11110101011100000000111000001001 11100010011100101101010111000101
00100011001111001110101000001010 00010011100011100010001111100010
10101010111001001100101001000101 11100110110101001100010111111100
10001010101110111010001000101100 00101011000011111101110111100010
11001101000011000110110101011010 00110110111110111011001001101100
11000011001100100001011110110100 10011110111110000000101100011010
00101011100001100000001011000111 10101100011011000011011011101011
01111010110111101001011101110100 11010111011010001000110000110011
10000100000110010000000101110110 00000001101100001100010110110010
10000001111110111011001111000000 00110001111000101101011011000011
00010111001101001000001101001010 01010000110110001111000101101011
11010111010100010100001110011101 00010010010000100101010010011000
11010110110000010011000111100111 01011011110111000010000000101111
11001010010111110010000000101111 10011101111110011001001101011011
11011111111010100001011100010100 00101110010001011011000111011000
11011101111011000010111101010100 11011111111111001000101010111101
01010000100100100010100001101001 11101111100100111000010000011101
11101001101010101000001110001110 10111101011101010001010101100011
11101011000010000001010111001111 10111010000000100001011111011000
10100101010111101110000010111011 00101101111011001100101100100011
01110000100001111111111101101111 10010001000001001011010000110110
11100001111011000001001001001110 01010010100110001000101011011011
11110001101010100100110100010100 00001011000101100101110100101101
00110011010100001110100111000101 11110111110110001111010000100100
01111100101101110011110011101010 10001010010100000011100101101110
10001010011000011001011000001000 01011011111011010011001111000011
10010101111001111110100110011101 01101100000000110110011101011011
11010111110111111010011100011010 01011001111110111111010111101100
01010100011011000111011011101011 00011100011000100110000001010010
10001110110111101000010101000011 11000101110101110110010010000100
00001101100001000001111010000100 00100111100110010110011000010111
01111110001000001000001101011010 10110011011101000001001101010000
01011011001011101000111110001010 00001111111100110001111000101001
00111111101010111000110111110111 01110110010010110000110100111011
00011101111100110010000110001100 11101110011100001000011010110000
00011101101011001001110100000000 10111011110011001100000100001100
11011000111011010110110100110010 00101000000010101111011101100110
10101111000000101011110001001010 01100111110101010101000011000100
10101111100100111111100010110111 01100100010000110101001100000011
01100001101011001110000000111100 00011111011111011001100100001110
11110010000101101000010101100101 10100101101000111011011001111101
00000000000001010110001111111000 11011010110100001100101001011001
11011011100101001111110110010111 00110000001101100010110010111000
11100111100001100000001010110111 11010100100100110101000100101101
01001010010000110010001001100010 01000010000001010100001100010001
01110010011011111000000110000001 11000011101100110011100000001001
10000011100101100001010111011110 11111110010010000100000100100101
10110011100100011011101111010110 11111000100111101010001010000110
01110010101100000001000100100100 11111000011010110101000000010000
10110010001000110100000100111001 10101110010101001010100110101100
01100100000111010010000111111110 01001100101110110000110101001010
11101010001010101001101000100111 01101001011111000101111100100110
10100110100010111101010111111100 10100001011010110000000001011111
01111101001111100000001000001101 00011010000110001011100000011001
00111110100111011101101010101001 00100101111100101110001000111111
11010110111000011000110001110110 10010101110001100100100110000010
10011111000001010100100110101101 00011001100111000000110110001011
11110110001101111011101101010000 00001101100010000001010001000011
10111011111110011111100111101101 00100100011100111100110110010000
10101010111100101001101010110011 11101111101010010100101011100110
10110111100001111001001000010000 01000010000101110100010010010010
11010101000011010010111001001110 11110000001000010000101011001000
10010110101011100110010100111101 00000010100111100000101111111111
10001100010100010000100101100101 11000011111100100100010111110000
11011110100010100100000000000000 00011101111001111111000011111101
01001111100001110111110100010000 01011011001110011101001001011001
01011000000000001001100110100101 11100100101110111111000110011110
11010111001010100000111001111110 00001011111011101011101101000100
01011110000000110001000000011101 10011000000001010000000011101100
11011010001000111100001110111100 10110111010010011000010001001000
11011111010000010010000111101010 10110110111100101100100110000101
01100010000010110001000000111001 11001111100010000000110010101101
11100010001001001101101111111001 01010010000011000110001001010011
10011010110101011111011110000001 00100100010001000000000110110000
11110101111111011011000010110100 00101010011011000111101111010000
00100110011100010001011001101000 00111001000101110000101001000101
00100110001011000111101010001111 01110001011001010110001010111100
01100010101010111010001010110011 11100111001011010010000001001000
10000000110100110010011001001110 11001011011111100101111111101111
00110000110000110111011011100100 00101110001100111000001101010100
01111010101100101111101001011100 01100111101011000111101001011111
10011110110001101111110101111101 10000100000111001000000101001001
10010001010001001110010100110001 11100101011000101011011110001100
00001100100101001000110111001000 11101000111100110100100011010000
11101110010011101001010101011010 10001111000100101111011000101111
11110100111010101111001101001110 10111101100100110011001101000010
00101101011011101101010100010101 10101001011110001010101011011110
00000110001111000000110011010100 11101001011010011100000110101101
00101010010010111010111001001000 11011001001010000100111101011010
00111110100010101111001011110110 11011000011101100100011110001010
00100001100001010111010011100101 10111010111001110110101100010001
10100100010100111001001100111100 01110100101000101001111100001000
10010111100100101110011100100100 11111010101111110010000000111010
11010011111001011100000100101110 01110001011110110111100011110100
00010111101010011001001010011010 01000111101110010001010001100111
11101100101101100010111011000011 01111000100000101110100000011000
01001001011011011001010100111100 11000011110110000000110101111011
10010101111111111111010110100010 11100001110000111100001011111000
10110010101110111010011101111000 01000101001100100000000101000111
00100010110001100101110111100011 11000011111101000000101011010011
10011010000011110111111101000011 10111111000011111000100000111011
01100000100100111010000110110100 11011110101111110010000000010010
01010111011000001101111100111101 10110001100001000101100000110010
10000110100010000100000101110010 11000111010011100111111101111010
01110111110101110000011100011110 01001110111000101011000101101001
11101111100111110101111000110010 00011001101101111101001110101110
01010000100110100001101111101101 11001111110101101110110101001100
00011100000001010110011001000110 10100001001101100001000110100001
10101101110001110011101000101101 00111001100011101111101101110111
11101000000110000101001101000101 01011101111011010110001100010110
00101011111001011101001001010010 01010110111001000111110100001011
11111001101100011010110010010011 11010100011001110110110100111110
11110011101101110110001111001111 11100000001100011111010000011100
10110011011000101000111110001011 10010001000011101110010010110111
11110001011001000100001100100010 01111101101011110010011011011100
11011101101000011100111000111000 10111111000001001011111100110101
10101110000100100001111000100111 10011011010111011000111011111100
00110100011111010001000011100110 00110111110011000011000000000010
00010100111100010101010110101100 00011110100101000000001000001111
11111100000101001100010100110111 01010011111001110011011101000110
10110111000010110101010011010000 11011100000100001101110100111000
11100011100100101010010010010111 00000110100000011000011010001101
00001010011011100110000010001000 00001101100100111101111101100011
00010011100110110100101001000011 00000100110010110001010001000000
10000011011001101001111111100101 01001101000011101000011101010101
11100100000111010000000101111100 00001101101000010010100001000000
10100010101111111001111111000001 00000001000000000010010111001000
11111101001010011000100101100011 11011010011110101000000011000011
10101100110110110101111001011000 11100000111110011010011000011000
00010011011100111110011001100110 11101100010011001000110111010001
10111000010101101101011100101001 10010110110111000100011100110100
01110110000111101111111010011000 10111010000010000000100000111001
00001001011100001001110110010010 10010101110000111000001110111111
10100010111011011000101000010000 01100010100111010111000000011010
01001110100010011010101000110111 10101000100111010000100111101111
11101001101011011011001100101011 01110010100010000001100100111011
10011110101110101111010001111100 11011110101101001010001000110101
00001010100010001111100010101000 01100011101101001100110110101110
01011100101011111110001000100010 10111101010010100000100001010110
00001001110101111000100110100000 10001100100010100101000001010101
10011101011001111111000001100100 00011011100010010101001100001100
10010001000110010100110011001011 10111110010111000111010110101001
11011110111110001000100010110111 11111001000010001110111110000100
00110010100000100001011101101011 11100110111001000111010011000110
11001111100001110010100110000010 11101001110011110010001011010111
11110101001011110100100100000101 11101110000111100000000000010110
11011011100110110010001101100010 10001111001101011001000100101011
10011010110010110000111101000001 00001010111110010110111011000101
10001110011100111110011110001100 10110111000110001001110101101100
00111000010101101000111110011111 01101000111001111001000111101001
00010010011000101011001011110111 11011110111000011011011011101101
10101010000111110100000101110001 01100111000010001011101100111110
10001000011100110110001110100100 00100100001011001110100010010000
10010110101111101100001101001111 00010010011111110011000010110111
00110001010000101111101010001011 10000001010011101111001101001000
11111000010110000011110000100011 11110100001001000100111100101000
01100101000010111011100010011100 10001110101110010000010000001010
01010001010010100111010110010001 11011100110100110000011111011100
10100010001101011110110100111000 01011001100101110110001110001100
00110101110000111000001110111000 11010111001000011100110011110010
10111011001001110111001000111101 10100011111010100100000101011011
01110011011010010111111100101100 01111111010010000111110100011001
00011001011101011010000111101110 01001101000101010101110110011100
00001001001000011001101011111111 00110010000111010110010001100001
00100011010100011100110110110101 01100101100011110100110000101001
00001101010100010101110110010000 10101100000101101000011010001111
01010011000110100011111100100001 11101011001101010100000101000101
11000110000001111110011001100110 10101001001000010010000010101010
10011011110101010110100001001001 01010010101001110011010011101101
00010111110010011000111100110010 00100110100101011010111000011011
10001101111011011111101010001100 11110011100011000111101111100101
01010011101111110001100001110001 01001010110011011100010001110010
00111011111011000011110001011011 01010010011011000110010000001111
11110010110111100111111110010000 01100100011010100110001011101110
00000000110110111101110011010011 10110011101101001100101101000000
01011101011111000101011111100101 10010001011000001111011110111100
10101010110010000010001110100111 10000100001110101011110110010100
01011101111000110001011000011010 10101011001101011111001011100000
00010100010110110011101010101000 01110110001011011110001101011110
11000010011101010110010100011000 00110011011111000101010000100000
00010111000100000000111111100101 11101111010001010000110011101101
00101000000010100000100100111101 10001001000100001110111101011010
00101100001100001011101110000110 01110101010110010110010001001101
01001100101101011111011010001000 01010000001000111100001111001010
10100000011111010000110101001010 10111110011001111110111000000100
11100101001101011001101011100100 01000100100111011010110010101010
01001111110110000000000011111101 10111101100111111000010000111011
00001111110000111111010101001100 11110011010001110010001000100111
11000010011100001010011011110110 01000100101101011011100101110110
10010000001000011111001011100101 00110000110010111101001111000001
01111110001101101000010011101101 00011010000111111110000111111010
11110010100101110100011010111111 11000101110001111100011010100110
11011111110000100011111000010010 10111010101011001110101010011001
01101110011101001001111011110001 11001101010100101100100000001011
10010110111100110011100111000000 01101011010100100010110000001100
01011001011001101110111011110001 10001010111110100010000001001110
00111100001001111011010100000000 10011011011110010011111110011010
00001111010001011111101100010011 01101110010110111011011101011000
01101010111101000110101000010000 00110001000101100111000101100101
00000001100011111000011010100011 10010100000010001100011111010011
10000000010010010011100100110110 10011001101000111110001111001000
11010111100011010101100110010001 10001000010110011000110001110100
11000101100100000011011010000001 00000000010110010000000011110011
10100011000011110100010011110101 00110110101001011110111010100011
11101000110001000010100001001001 00100000100011101011111111001111
01000001100110001100011101000110 01000101100001111100111011111101
11100100111000101011100010001111 11111010110100101111011100110011
11010000010101001111000000100001 10100010011111110100010011100001
01111100111001010010101111101010 11110011101111010010000000111010
01101101010110111001001000110110 10110111100001011110111110100111
00011101011001100011001001100101 10000011010011010110100000101011
11100101101111000110001011010000 01001010001001101111001110001000
01010100011011000001111011110001 01111000101101010101000001111101
11111011010111010010111110110010 10000000110001101011110111101001
11101111011010010011001010000011 11110101011110100001111000100101
01111010001011101001101100100110 11111011011110110000101111100011
10101000110001000111111010111000 00010011100110001001101100000101
10100011000010100111110100010001 00000100111000000001010000111101
00011011001010011100000011111011 11010111010011001010001111101001
11010000100000110010010011001000 10101101100111101111001100000100
11111000100010101001011000000101 11110010110100011110001110111011
01000110011100100000111010110100 10011001001110001000011100011100
10110101000110010101100111000111 11100110000001011011110100101100
11100011000110010001111111111011 00000110000100101000011110010001
01100110100101001001101101011011 10100100001010110011101111010010
11101011001000011110101110010101 00110100001100100111000101110011
10010110010111110100001111000101 01110010101111001111111110111110
11011111111100101010011100010101 10100101111101110101011001011101
11101111001010010010010101011010 00000101001100000101100011100001
11111111110100010001101101100000 10011010000110010011110011101000
11011100010011000100101101100101 10000001110011101100110110001010
00011011100011110001101111110011 00000000100000000100001011000101
00010101100001010011100000100011 11110101100001100111110011111111
00101101111001011111111000001100 10111000000110000011001111000101
00110111110001010111111001001110 00011010000100101011011000001000
01100000110000000010001100000010 10101010001111011000100000010011
10101100000111000110111110001001 10010110110011000101111011010000
00011101111100000111110101100111 00000110000001110010010000111011
00010011110010010111110010011110 10011010101101101111000110100110
01100011001011110101011110100110 11011000010011000111111000100111
11101111010100000111100101110100 00101111100000001100011011010101
01110111100110101011000001010011 10000000001010000000011000001011
11001111011001001000011110011101 01101110111111010101100101010111
00101011000000000011111000110000 00110101011010100110000011100100
10001010010101000101001000001111 00100011111101111100101001110100
00001111010011111110001111011101 00110011110111110111111111101101
10110110010100101010011010111101 10101000011010001101000000111011
01110000001001001011111110101101 10111011111111000100110110000010
01101111010110101000101000111110 00110101000111001110000111100110
00000000101101011010001000100111 11010000111011111011001010011010
01111010010010001001101000111010 00100000011010111111101100110000
01001101101100011110100010000001 01000010011100011001011000001011
00000110101000111111110110000010 10100011000001101011010100010101
00110100001111001011111000010110 10110111011010001100000100100001
01111011100001101111100011010010 10011010001100001100100011000100
00100001110100111010011001100000 10010100110010001010010110000010
11001111101000010010110110100001 01010010011001010001001010100000
10100011000110100110011100011010 00010110010010011011111100010001
10011001000101011010110001111011 11000010101100101110101010011001
10100010101110100010111101001000 11011001100011111101111011111101
01111101101010101010000001111011 10000001011100011110000000000100
10000100010101010011011101101011 11110011011010110001111110001000
11110111001101001001011001100101 10001010111010100011101001111011
10011000110001000011000101000111 00010101110010111010100000010001
