0000010011001011001100111100110101111111100100111111011011110111
0100110100100111101100010101010101110110011100010000110101100101
0001101101100100010110010000001010111000010101110101110110010000
0010001101010000010011000011011000000011110100111110100110010100
0010100101000100111001011111100110110101010001000010110111011010
1010011101000111011000110011001011011111101111011100110100111000
0000011011000111101000001011011100001000001110010000010011101000
0011110001011111101110110010001100101011101001111001001101000001
0000001000001000100000011100111010010001011111111011110101110000
0110110111011001010011011100011011101001011111001100100111010000
0011001111010101100011100010010101001100011110110110111000111110
0000100111110110110111100110011010011010101001011100001000010000
0110001111110010001011100000011101000010000110111001110011000010
0000010100000101110100011010101011101110011000010000001000111110
0111011001111100001111011110010111110101101101001010101101001000
0000101111110001001111111001110110110010010000010011011001011000
0100011100010010011011001011010010110101000100000111011010011110
0010010100001001011111110111001110001000100111101111101010011001
0010101000001100011100111001110110110000000010010000010010000010
0010000101011000001100001011110111111010010100101011010010100000
0001011010110001000001100111111011100111000111111001100110011101
1010011001001101011101000100100110001101101100100101010001101101
1100110000010100010110001001010010010011011101101111110110011001
0100101010000100010001001100001001000000110000000101110001110001
0011010001001101101010001111111100011101111110111100111000001100
0001111110011001111010000111111111011010001000100101110111100001
0010111011100111111111110001111111111101000100001101011011110100
0110010111101100011011011001111001101101110110110001000101101000
1111000001000110010111101010000010110110001100000001101111111010
0101111100010011001011101100100101111101110010011111010000110000
0001001000111101110101101010111001011100100100111010111111000111
0010010000011110001001010110001110001010101110100111101000100000
0110010111011011010001100101100100110000111010101110010110111010
0000111100101010111000000110011011001011000100001011001110000000
0001011111001011101111111100010011000011101111111001110101000000
0000010101010110011111101010001011000111001110010101000111101000
0011011010010100111000010111000101100111001000000110001110110110
0000000001010001001101011100000001010011011110011100100110111000
0000001111010000000110111111000111000000011001110101101110111111
0000110000101010101110000111001101101000111001010110000000110000
0111000010000001010011101101010100101100111110000010000100011110
0001111000011010111011000000010000111001011100000110010001010010
0001000001001011110000011010001110101010100110100101111001001000
0010011110110010110011101011000011111111010010000100000110111000
0111100001110001011100011011001001100010101001100011011000100111
0001011001101011111101110010000000011001001111000100110010111110
0001011101111100000000111100101001110001000110110101000101111010
0101101001100010011001001100000011100010010101111010110100001100
0101101000110100100101100100000111010111010010101010010010101110
0011000000110100001101111011001001101110110000101100001010111101
1011101100101111010001011011011001100101010010110110000010110000
0100111111011100101101101100000100001111110010010000001010010101
0100101101001010001000101011110010011000101100011111110110010101
0000010101101001110000010111000111110011100111101000110111000100
0111110010011100000100010110100101011011110000001001010111011000
0000100001000010111111100000110110001000001111011001111011110000
1110001110010111100011001100111001100010000001000010101000100110
0000011101001001010110110100010010011000101011101010101001000000
0011001010111111100011101000101000010110000101010000010110000000
0010010100011001111100100100000110011001001100011000110000110110
1001110010101010110010101111011011100000001001110000001001100010
0011000000001000101111100111011111001101110000110101001100000000
0011011111110000010110110011000001011110001100110011000100001000
0110100010100101001010111000111001100110000001111100011001110100
1000111000010110110111111000101111010001110010010100100101010000
0000100010101110001010000000111010010111100010101011100010101101
0000101101111110000111001100010100111001100111111100000010100101
0000000000111001001101010011000110110001100011101011101110100000
0010101000101011011010100011010011010010001100101011011100000111
0000000010101000001011101000111101001000110111101010001111101010
0111111010100010100101111000110000100111101101111100110011111100
0100001111001110001000010110011100101100111101100110110001010100
0000110010010111001110010111101001000010000111011110110111110010
0100110001100101111111011111001010000110100010001100011010101111
0100010001000001001111110011010011010110010100101011000011011000
0110110011100011100000101010000101111111000101111011000010011000
0000000001101001001000010001101000101011011011010110000011100100
0101101010001100001100111100111010110101111111111000111011000000
0010101100000000111101101110001011010001001011000010100111011100
0101100000001000110000100110110101100000111000111010000101101000
0000100011011101000111111011010111100000001111110000000110111101
0000101101011110011100011000011111110101110010011001010110010100
0011010001011011100010100010010100000110000100101000101100100011
0000000100110101001001110111110011010001011101011100111000001101
0100011000001011111111010101111110111111010101111100110111100100
0010000011001100010000001101011000010101111101010111000011010111
0010001110110101001100101100000101010000011110100010010011000010
0100111010000110111110001000111001000101000011010110011110101000
0011001111001001101111000010111010011010001011110001101001000011
0100010101101111111100100011000101110101011100011010001100011000
0000101110100010001110100001100011011110011110010111001111100010
1000010110011100010101110110000110100000011011010110100010011100
0000110111111001011101111000110001001111101111100101110010001000
0000111110000001010101101101100111111010101111100100110101011000
0011101101100111011101011010001010100110011001010011100011111010
1110111110000111000001111010111110000100010101000010101111000001
0010101000001001101010000000001110101100111100011110000001100101
0111100100000111000001010110001010111111001000101000110101100011
0010001011000001111000101111010101000011110110010100100101000000
0001011111110101111110111100111110111101110010000110101001000010
0000001010101000111011010110100010010010101011100110110100101100
0001000000001010001000000010000000000010011000101010011010000010
0001011111010110000000101000000001011010000011001010110110010110
1000111101101111100001101101111110100101011101001010001000011011
0000001010010110111111001101101101011001010101111111001011011011
0000011000111101000000110010010110100111011011001111000101100110
0011001111100101011010011000000111011011100001110110000101000110
0100100110011011110111111101010011011101011010000001010111100000
0100001111101110011010100011110001101010000101101110110000001001
0010110001011000110101110101001001001011000010110000011011010101
0000100001010111110010100001110110010001111000001000000110001110
0001100011101100010010111010000010010010111110000011001100010100
0001100111010111001111010110110011101111101100001101000101011110
0000010011111010111100011000000000100111010000011110000111101100
0010011100011010111110000100101001010010001101011100010100000011
1100011001101001111101111110000000111001101001100000111111010111
1001100111110011100111000000000100000011001010011010100101101100
1000000001110101001001001001000101001011011101101001010010101000
0000001010100011110000111001111000111001011101010000101111101101
1010110001100110000101100110100011110001100110110010010100100000
0000101100010010110000010000011001100011110101011000000111101000
0000000100100100011110000010111101001010111110110111000111100110
0011001101011011110010110011100010111000110001010111100110011000
0000001000101001001110011111000100111100001000010000101010010000
0001101000010000000000100111001110111101011111000100001110100000
0001010100100111010011101100011101100010001001001001101000010100
0000010101111000111101101100111111001111000001111000010100111100
0001101110000001111000000010000100100011100011001110000001110110
0001100011101111111001010110001100111010001111101000001111001100
0110110110011100001010011110001111111101010100100001111101111100
0001101100001000110101110000100101111101110101100110010110010100
0010100101101110001010001101001110000100110011000001010101111000
0000011011011110010000000010011100001000011111111010001010101100
0100101000011101101010100000010011100000011101101111001001011010
0000011001010011100001110110011101110000101100000100000000011101
0000001111001110001101001001011101010100000001001001001000101101
1001100100000100010100011010110010010000110111110011111111110000
0000100001001110001000101101101100010001110111111110110101100110
1001111001011000110111110101100001000101001010010100000001000000
1001000100001011010011110011100011000011010110101011010001010001
0001001000100011001110110011001001000101000011001110000101010100
1100011100010111000110010111101110011100110110100001100101100111
0101101100011100000011011001001110111101010001110111010111011111
0100100110011000101100000010100011100110100010100001100001000000
0010101111000111110001101101011010100001000000101001101011000000
0000000001000010101001110111001101000110001100110010010001000010
1000111010111100101010011100000110110111111111110010001000110110
0001100110010111011100111000111101111110101110011101010110010011
0000000011101010100011010001101100011011011000100000001011010011
0000110010110001111000001111111010000111101000111111100010010010
0001000001001001100001100101101000111100110100110010011100010110
1000010100111100001111000011111100111111011001001000001011000001
1000000010100010001100011110100000110010010000110111000111111110
0100011010101001001010000001011111110000000100011101110010111011
0101011101100001100010100110101100001100101011000000011100000000
0100100110001110001101100010011110001001110000010010101100011000
1001010000001010000011000011000100010001110011110010101000111100
0101010000101101101101010100111100110100001001001101010110100100
0000111100000111110010010000000111000100110111101111000001010000
0010101101000000000010011110110010100001000010101000111101110010
1010100010001001000111001110001110110101101101100111001101110100
0101111110010000110100011100110001111010100000001001101110101000
0010010011011000001000110100100111100110100101010010000110010010
0001001110001111010111011111100000110110111101001010110011100000
0111101000101001101111001001100011011100001000010111111101110000
1000111100001000010001110011001001000000100000111001101011001100
0001011110101001111111010110100110001100110101010010011001110010
0010001101000011101010100001111110100110011110111010010110110000
0101001100111111010100111110100001100100101011011110011111000110
0011101100111010011100100100010100110100011000011110011000110100
1100001110000100000010100000100110010010100010010110110010011110
0001010101111001001000111100011000010000000110000100001100110110
0000001011010111110000000110011110110001111101011111011100110001
1011101001111001100110011100011110000010000111110011110110111100
0100101110001100010010011000100101000111000010101111000111001111
0000111110000101001001010010000011011001010111110111110111011000
0001001011011110100000111001100101010010100110010101010110110000
1100110000110110111011101000110111001110010011100111010001000000
0101100111111110001101101100101101110111010101100001001000101100
0111100101100000100001010010101101000110010111000011000011001101
1101110010100100010010001001101111111101010001111110010000110100
0001110000111100101101100001010011011100010010111010010011101110
1000001010010000010111000011110001011101000110100100011011001010
0001000001010111001010111000000111001000010001101101110001000100
0001111001111000100111101110110110010001000001010111111101001110
0001000001110000011111010000000001101111000110011110100110000110
0011011001101001010011010111101111111101100101111110100011100010
0000001010110011101111001011010110011111101000011111111011101001
0011000110010001011000011101111110111010011010101100000111110110
0000100101011101101000101110110011100011000101110011110001100011
1000011001011101111100000111101110010100010000000110000000001110
0111100101111101100000110111111100111001001011000111010001000100
0010011011000100100111100010111001101100111001001010101101011111
0100010101011111110101100010000100101011001000110010010011111110
0000010101001011010110101100011110010010000110000101101101000011
0100011100000011010001000001010000100100101001101110000101111010
0000110000111001011111000110001111111100011001111000101010001101
0001000010100001000000111010110100100110101000101000001100100100
0001110001110100001110111010010000101001011001000011011001110001
0000000100101110000110000001111100011000111110110011001110010110
0111101011100100111100010100100000111101100001110100111000000000
0010101001011111010111010001011101111101000000001010101000001101
0010011011101011010101101011110001010001111111010001101111110111
0000110001111100100000100010000011010110100011011100111100010110
0000010010010011101111101010011100111011111111011100111111100000
0010000010011101000101101111000000000001110011001111011010100100
0000011010011010100001101010110101101010111100110110011010011101
0101100100001000101100010011111100010000110000000101010100000000
0110111001001001101011101010111100100000000110101010111100110000
0000100011110011100011000001000100011110101001001010000001011000
0000101110101000111000110101111011001000000101000100101101101010
0000001001101111101001110001010011001111111101010011011111100110
0101111010110111011111011101001111000110100101101011110110100100
0011010010001011101111000000011011111011110011001111010001011100
0011011110001010000011001001010110110010111011100110011111000000
0000111010110000110100100100111001100001110000000101110011111101
0110101010100111011001000000110001110111001100010101011010010110
0001011111011001001001100010111111111010000101011111111100100010
0110010111101000010001111000010001011001010010011101101000101100
0111100011110001101100001101111100110101000111110110111101000000
0000011110001001100011110011110010111110101100011001101100100010
0100000110100000111110110000110001100001111101111101000110010000
0100011100010010101011011011001101001111100111111110000100000110
0000110011011000001111100101110111011011101100010110100001001110
0100110101010000000001010101111100100100101101101000001101101000
1010110010010001101011110011101110110011100100000100000100011111
1100001011011111010001011011011110100110110110110011000111001010
0001111001000101100000110100111101001001100100101001111000001110
0111110100001101001000111111111100000111001000001000000000101000
0011111100100111011001011001100010010111011110010101000111111010
0010101101100101100011101010000100101001011111001111101100110110
1010001101110110010010000110111011111001011011101100101110001000
0000111111101100110000100101101000101110111011001010000010001111
0000010001110111100111010011111011011010011011010110111110000000
1000110100000001001011110110101100000011000110111010110011001100
1101101100100111101011001101111101110001111001001010010100111000
0001101111110001100011111010100101010110110001101111110010101110
0101001100110001100100100011101011101101001011101001101101100110
0001110011011110111110111100110111011000001111011010100111011010
0000111101110100011101010010111010110101100011001010001111001011
1011001101101000011110101000111000101011010110010000111110110100
0000111000001111000110010111110101010011110000101000011000001000
0000000000110000000101001100000111110010001001011001101111101011
0001100001010100011011100110001100000110000011011111011100010110
0111101001101101101101110001011110000001101110000001100000001100
0101001110011011100111010011100000011100111000111011000110001001
0010001110011011010110011110010101100111110100011000010000110110
0000101001110101011011101000010110100000110011100000110110101100
0000100001101011011110000101010111110001010111010010000100101111
0000100110010101000000011010100101011110101101001011100011000101
0101100000110011010110110110010100001101111011000100100010101000
0011010110111010100110100100000010101110110010100011000001100101
0010001111001010011101111000101001110010000110000010011111100000
0010110011110110001001001110110111001010001001101111001101101110
1001101111001000101011011110110000000100011010101011110000011011
0010001001100111111010010110010110111101111100110001101100101101
0010010000010100001011100001010111000010111001110110110110111111
1010011000010000001000011011011010011011110001010110110101110010
0011011100011000100101101010111011100001010100011111110000000000
0100100001010110111100010100100110011101101010100111100011100011
0010100001100001001011000100001111011001100001010010000110010000
0110001101111011101110001010110011011110011010000010110000001100
0010101000100000000101000100001111101111011100101011100000110100
1010011000100111001100010101011101111011100111000010111111100111
0000111001100111011010001010010001111100010001111101100001101101
0100010100101101110101000101111011001101011110011001011100111100
0001001110101110100100000111000010100101110010100110111011100100
0010000010001111110111000000111101000011011101100100000100100000
0111010001000101010110100011101100011111100100011100001100000101
1010000111100100010000001001100101010010101010111111001001100011
1010100011010011101100110110100100010100110100110001101000101000
0000000100000011000000010010111011000110100010100010010011011000
0100000110110101001101101000110011011010001101000110001010110011
0000001101010011010000011010001000011011100001100001011110101111
0000010110000001101111110101100101111111011101111101011100011010
0011101000110000100010110100001000111110011111110101111010010000
0100101100010101110001110100010000111100001101001110011000100000
0000110001110011010100001100010000111010000111001011101011101110
0010111111001110110010101011001110100101100010100110001000110110
0000110111101010110000111100111100100010001000111010010100000010
0000100101101111010000111110110110111010100011110100111011100000
0110010101001011011001010100001101100000010111111101000111001100
0000000001101011110011101101110101100010101010100010101101100100
0000001000000000011101100011100001110000001011110110010000011001
1000011001001101000000101110100000010010001010111100100010010101
0101100011011101100110110100001110000001110001111000110010011100
1101111100111011011111101110011111010011111010001000011010000000
1111001000010001001111010101010111100001001100000000011110011011
0011111000000110001110010010011101100011100001101010010011111100
1001011010000011100111001010100110111010100001000001111011100100
0000000000000100000010010111000001010100011011000011111011011011
0101101000111010110100100110010110010101110000111101110011001010
0100010011111010010010110111101110100001000100101000000001000010
0000001010110010110110000011000100010100000010001111010110001110
0111101001010000111011110110010010001010110000110111000011010000
1000011111101110011101001111100000011101100111000101010111000010
0000111000111011100101010111011011000110001101000010100001100000
0000110110000111010100100110011110011001010000000000100010100000
0001110110110111111100111011100010001100100001000001001100010010
0111000110100111010001101010101111101111111101101100111101000111
0111011101110011011000011010001100010000010011100111100100111000
0110011011011100000000111010000101110000001000101111100010001100
0111111101000011011001110001010110111100010101100111010000000011
0001001011110110101000100010100010010100111100000010000101001000
0000101010100000100101111001111101011101100111010111101111001001
0100100011111010111110011001000011011101110000001101111111111000
0000011100000100101111011001101001010000111110001111010000101000
0100000101100000000010110111010101010101000001101111101001110110
1101100110000111101011000101100001100011101010010000000010001100
0101110101101100101000101111011001010010010101110010010010100100
0001111000010001010110010101000101101010100011111010100110111011
0000101111000000011011001100111000011010001110110110101101110100
0101011110010101001011000010010110111101101010101001000110101110
0011101001011100001110011111011111110011111000101111001011010100
0001100111111100111101101001100101000011010100100011100111000000
0101000001111011011111100110111111011000000010111000111111111111
0010110001110111000001011111010110011000100000000110011000110111
0111101001010010010001110010100111101011100110111111111001001100
0001101111110111001011001010101111001011001100101100100110001000
1101001011100100000100110010111101011011000111001110100000111100
0011010000101001010000110001000001001110111110100110111010111000
1001110001101000100001100010001001101010000000011111010100111100
0010110001010100010011101001000010110011110111001101111101010100
0100011001100100000001101000110111001111101111010100001110110001
0000111101100000111111100111011010001011101110000111111010101011
0001101111011100000101111100110010110011000111001010011000100000
0001001100110100000100000000110100100101011001110101111010101110
0000011010000010100111000101001001000100110011111011000100011000
0000101000010101011111000100000100100000110000001111000101110000
0000100010000000101000101000001001010101100111101010101101011000
0010100001101111110100110010011110101001001001111010011000111100
1000000101101000101011111011011100100011010011001000001000111000
1000010001101000001100100111101111010011111111010101110001000110
1010100000100101000111111000011010111011100100001001011011001010
0111100000111011100000101001000010011001001110100101010110100101
1101011011101100110011111100110100111111011100011110011101111110
0000111001111001110100001101001100101101001100001100111011110100
0000100111100100101111110001101010110101111110110011111001001000
0100100010101000011010111100100110111010100110101111111110100010
0000000001011110101111010010111100011100000111101111110000000000
0000010011101111010110100110011110010010100011001111111001100010
0010011000000101010100101010100110011111101000101101011010110110
0110111011111011001010000101111010111011111101001010001110101000
1011000110000000001000101001100010011001101100010101010110010110
0010110101010011100001111010100001101100010001100101011101010001
0011100100001111000100001111110000111011100010101011001101100100
1001001001111000000011011111111111111110100100100101101101110000
0000001100100000111100000101110110101110110111010001100010010100
0011100110010100011101111010110010110000101110110010100010100000
0000001011111100101001111011000011011000110111000101111100110000
0101110011101101100001011100110001111011110111101100110010010010
0000011000011000111011011110100110011101110100110100111100110000
1011101100000000001111010111111000000011010011111000111001110101
0001001111110110011111010010011000001101001101100101101000100110
0001101000010101001001101000101111110100101001101110100011101110
0011000011111110101000000100101001001101000110001101011101100010
0000100100011011101010100000000111001101101000100000111101001001
0001001000100101110110001110111001001001110101000010011001000110
0000100010011100001010001000110111001101000000110100011001101110
0001111010001110110010011100011010010100001100001100001110110000
0011001110001011000010110001101100000001111111011011001101000100
0000011111000010110011110111111010100111110100011011001100000110
0001110100100000001101100111011001010010000001000001110010011000
1101010110010110110010111111110000111000101111011011100010011000
0011100101101000011100010100111111111011110101111010110110100011
0111100000100110110010111000000010001110100111010011010010101111
1010010110110001110111011100010101011111001010010100000001011010
0111111101000101001101101001001011000111010101010100001001001000
1010001011000110001100111010001000011111111001100011001011001000
1000001101001100011100110010011100000110001111001011111101111110
0110101101100010111101111011011000110011101000000001110010010100
0100010010100100011110001011101101110010010100011000010000011100
0001000000111111110101011111111101100100000111110111100101100000
0000101101110101110000100101111101011011111001111101110000101001
0001001110001101100001001100000011000111000100010110011101100001
0000100011100111111011001111000000011110110110000100010010101110
0000111010111111101111001110100001010001000100010101001000100000
1000010110100011010110111101101101010001101010100011001010110000
0001010010111100110100000111001001011111000101011100100011011001
0001011010000101100000001101100100011001100110101100011100010110
0101110111100110001010111110011110101001011101011000000111010101
0000000001110101100101111111010100110111011010100001011011011010
0010101101000100100111000111111000110111010011111001110110001000
0001110101011111010010101000101001010000101000011100000100101011
0110101111001110000110100000101110100111001001111111100001011001
0101001011101001011010011001011111001011001000011010101001010011
0000011001011011001101011101101000110111011000110110011000101010
0110000110110001010111101111001110111000010110000001100000011100
0001111000011011100001111010111111101000011000001011011111101010
0010011000100010001111110111110001010100101000100001001011100111
0011110110111110100100011100101000110100011010010101011111000100
0001011000000011010010001101110000111111110001001111100000001000
0000001011001101100001001010100110111100100011011100101011101100
0100110011001000001000011000110001111110001001111001110010100110
0111101001000010010101011001100000001001011111001010111100110000
1000011110110011100011101111111001010110000001001010110011001001
0001001011100010110101000101000101010011011010001000110101110000
0111110010001001010010011111101101110010001011001011011100010011
0101011011001101011010010011111101101100010101110110010000000000
0010000011000111010111111000001011000101011101100001100011101101
0110011100110011111110101000111100100011011100011101000100001100
1011110110100100100111101011000011111011011111010110011001100100
0110111101101101100010100001011010001111011110101010000110011000
0011100101011001000111001111011000011011001000000001010000001000
0000101011110001101000001000110111111110001001000001110010111010
0010110110111111111100000000101110110000100110011101101101111000
0011110011110000111010001001010100011010011011001011101111000110
0101100110101010101000001100000011001010010101001101001000111100
1011010101000001101111101001011001111101010111010100111101110111
0010110000000010101100010101101010101010101000110000100001001100
0011100110001100100000110111001110000011011110111101000101011010
1010100001110111110101101111011111011101110010000101001111010100
0001010010110000110010010111100110001010010110111011101000100010
0010100111100001001010100000001010100011110000000110001011101000
0011001100100111001100101000101110001000010110010110001101101001
0001000100011101010100010000101111001110001110110000000001000100
0001101010000101001000000001111110101011100111110111100111000000
0001001010011111110110101101100110001110001000111010100111001000
0110101100000000111110001000100111000010010010000010111110101100
0001111010111011000001100001001100010010000110100010011011011000
1101100011001110001110011001010101111000100011011001101010100000
0010000110000111011001100010101001101010101011011011011010011011
0000000000000110110001011010000100101010110010010010110110000000
0000110000110011100001001110100011111110111110011100101001110001
0000000101100110111011001001111101010011001101001011100001010011
0000011000010000101011110010000011011010001110110100000001101110
0000000100000011101011100110110101001100101100001100111101001111
0000111111100010010101001001111010010101011001100110101001111101
0001110011011111100001111000110110111111010100110111110111110000
0001100000110010101000101111001010110101111011001100100000000010
0111011101010110111000000010001100101011110001010001001000111100
0001110110111101000101000010101101111101111110101101101111001000
1010010001011100101010111001001001010000000010000110111010011001
0001011001001010101000101111001111101111000010001111100000100001
1011101010111111010110001011010110110001110010111010101111000011
0111110111110100100000100011110001110011111100010011100100011000
0111010110111110001000010011110011001111111101111101001010110000
0000101001011000000010010101100110101010000110001110010000000010
0110111011010010001111011011011100110111011111011010010010111110
0101111001000100110011001001011010100101000010011110001111110100
0000100110101000101110111100110110111100101000000001110000101000
0010000011001100011000000000101100001000111001100010110100010001
0010110000001000110011100011101000101111100100001110110010001000
0000110001000101011100011011100011111110100000101111000000110110
0110111011000110000000011101110011000000100110000001000001001101
1001100000110100101101101010001000010100100001010000010011111000
0011100001100110010101010110111101111110111111100110001110111001
0000010110101110100010010101011110010010011011101101000010100000
0001111010011100110111010011010010101101010110110001100100000010
0010011001100101001010100000010110001001000010001100011111000000
0000110110000000001111101111011000110110000010100100001000001100
0110100110101101110101100010101001000011111110110111011110001010
0001011110110000110000011010001001010110010010001000001000010110
0000111101101101010000111111011000110101011001111011110010101101
1010011011101000001111100010100100000001001011000001100110100111
0010101101010100011101101111111110101011001000101111110111011100
1011000011100011010000000010111000000001110100000011101000001010
0010110011110100000010001100001100110111111010100110101100000000
0010100100100011010000001011100011001110111101010011010010100011
1000011000000110111101101101001101001111001001101000101011010100
0000111010010000011010001110000010101101101010011111001000001110
0001111010101000011011000011101010010101111011010111001011110100
0001000010110111010011110101101101011010110111011101111000111010
0110110101000101110001001011000000000100001101100000011110001110
0110011111111110101001110000100010010010000001001000100111100110
1100100010001111100011111001010010110011100101100001011100111010
0010001000100111010000111110000101111011100101100001111100000000
1001101010110000100011100100001001101100111110111110010111111111
0100011100011010110110001000111001101010010101001000101101100000
0111001111011111000001101111001000100001010110011111000011100111
0000001000000100111010100000010110000011100001011001100000000000
0010010100111001010000101001000111111001110010110011100100101001
0011111011001101100111110101101000110110101111001110110101101110
1010000011110111110001011000000100000011110110100111111011010111
0001010111001011000000111110010011110110110111011001011101100001
0000000101000000110010101000111100011111001000011111111000000100
0100011100100101010101111100010111110010011110101100111010100000
0011001000001111111000000110111101010100110010101000011000110000
1101001010010000010111001101110010001001111011100011011111100110
0101000000101100011001110010110100101111110000000011101111010000
1000100000101001001011010001100101011011101100001110011101010000
0000000101000011000111000110101101001000101110000100110100110000
0001001000111111100011111010110000101110100010011101111100000010
0001000100111000110001111000001100110111001100000101010000000100
0011111010010111001010101101111010101110001011011011010000110110
0010111111000100101011001100001111101100110111010001110101101000
0000011111100001100111000011011110111001100011010100010011111010
0000011011010100101000010101111101111111100000101001000011010011
0100110101010001101111100010100000110100001011100100011001101110
1100110010101111100010001100101101100111111101001001100001000000
0110011110110001110100011100000100001010110010101110011011010101
1110101011110111100110111101001011111001000000110010001111100011
0101011011111101101011100000000101010101000110011000001101000011
0000101111001100010000111000100100011101001101001000010001000100
0000101110110110000000100011000011111011111101010110101100111110
0100100010110101000010111100011001101111010100100001000011000100
1000101010100001100111110101111000101001001111110110010110011110
0000101010001110110001011100111011111100000001101010101100011000
0001000010111001011110001101001010111101111100000010110010111000
0110110110010010110101111000011000111100010010001010000001010010
0100010100011011111010101110001010100001111001101110011000001100
0000011000010110110000101111010110100000000010011010000001000111
0000100000010011110101101100110101011010101100110100111111110001
0101100000010110100011001001101011110111110010000111000010011111
0000111000111011001010111011000111101011110100000011110101110000
0010010101010011111101000001110000110011100011000101111100001100
0101111000111101100100111010011111101010100010110010100010001000
0101000100100010001010011010101100111010000001011101111001110111
0110100110110111111101101000001101000000111011110100110100001111
0011011001001000101011111000011001000000111111110100101010100010
0000011111101001000011100010110011100001011111000010011101011110
0011100000100110110000100000111011010000010100011111000011110000
0000010011110111101110111101111001111100110001111011100001100110
0000000111001110101110100101000001000110111011010111111110000000
0001001001100111011010110010001000110100010100101011110010001000
0100100000010000000001010100010000000010111100101100000111100000
0001100011111001100110010001000010101010110011001000010011001001
1000001101110100001011100000000010001110001110111011001000011101
0111010101010100000110110011101010110010100111001011100001100111
0110001011111100110010111110001111001111111010110011001011100010
0001010100111110111010100110000011101110110110101011101101101010
0100100000011111111011001011110101000111101111011101110100011010
0010111011101111101000010011001111100100100111000111110010010001
0111110010000011000001011111001100101011111101000001000100111100
0011110010001101011011001011110111101010010101110001001000001000
0011000000111110010000011111101110100111011111000000101011000001
1101001100101011000110101111111100111100010110111001111100010000
1011111001000101111001100101011111110111010011101011100101110010
0000010111000010110110111111111000001110101111111011111110000100
0010011001000100011010000001011011111010111111001001001000100100
0110000010111101010101010111100100001111000110000101101010111110
0010111001001010101011011010100100111111110011100110010011011010
0001000000111111001101001100110011111011010110101110110001101011
0111001101010101100010101111111001100100000000100011010011010011
0100111101101011100110011110001010110101111111001111001111101110
0110011100101000111011110100101101111100100011011101101100111000
0001111100011010100000101111111111010001010111001110100000011111
0011101010110111001110000010011101010000011000010111101101111101
0011000110000111111001100010111011100101101011010010100001110101
0010000010011001100010001111001010101000111011011111100010000000
0000100000011101110110100101010000111101110100001010000100110000
0010100001101101000010110100011011111001110111001010100101101000
1010000101001010010111110001000011111010101010100101100101110000
1011000001101100000101101111110101001000000110110000101000111001
1101000100011100100010011101100001011111101100001000010111000100
0000000000010101101010101001111000110111000001010111011101100110
1000101100101000000010100011001100010010001000111001000010110001
0000110111100110101100001010110010001000001010111110010101101100
0101000101111001101010100110100101101100110110101011110101011000
0010101010100010110000111110111100111101001000110010000001110111
0011010011111111010010000101000111110000111100111111010010101100
0010101101011100010001110011011110111010110111101001010110110010
0010011110001100010111111000111111100001100111010000001111110110
1000001111001110101100111111110111001100011111011111011110111001
1001101101100101111011111001111100001111101101111001010000100111
0010101100101101101100001101000100110110101111111011101100101000
0000010000001000010010000010011011011110001011110100110101111111
0000000101010111010110010100111001011101110000100001001111001100
0010111011101110000101011001000100110000010100110010001011111111
0000010001010100101000111010101000011000111001110011011000010100
0101000100011010100111001100110100110000111011011010000101111111
0011101101001001010010001100010111101011101101100000001001111110
0011010100111011110000101100110101110011010010101111111001001111
0101110010000111010010000100011000110100010100000001101100010110
0010101110000000111010010111011100100010010101110101110001100101
0100011001111000110100110000001100101010101110000111000011011011
1000100001010010100110010100001010100000011100011011001000101010
0101111100010001101010100000001101101111101011010010000110101000
0010000001111100111010011110011101001001000011101010000010100101
0001010010111110100011000111101001101001011001111001010011000000
1000001101010010010101011101001001001101001110011110000010101000
0101101111101111100111100111110000110010001111110110000110000000
0000010001001100111111100110011000011110010001011011010101110000
1100000100100000000100010100010000001000100110011010101010100001
1000110000111010100110010101111100011111001001100100011110011100
1000100011001010111001111001101010111011001111111100010100011110
0011111111100111110100000110011101010011001010101010011001101000
0100111001110100101101001100100100001110101111100011001110001001
0000101101100100110100001110111100010011101110001010000000101110
0000100011000100010011010001101010010101110001010100001101100000
0000000001011010101000010111111010000111000010111101100000010000
1000000011010111010010100110000010001111000100001010000101100101
0001101001100110100010010101010010010110000000011011110010000000
0001111011111001001100011001010100010110010101001000111001111000
1001101110111111001000000111011100101000100001000010000101011100
1000011001101111110110101010000110101001000010101100110111001100
0011010001010111111111110011110000100011000111000101101111010000
0001100010100100001001010011001001001000011000101010100100100000
0010000110100011111110001001100100011101111011011001110110111100
0000010001001001111000111101101101111000110010110111110101110100
0000010110011100010011001111101110110100100010101101110111101100
1000101001011010011100110011110110110101100101010110110101010010
0110011001100100000110100000010000011001000111011010010101001010
0110100100101011001011010111111101011011010100111011110001100000
0001100111111000100100001100101110001010111110110100010101100100
0000001101000001111011111110010111001001100001001010000000101010
0000101000101000101111000001111100010110100010001000001100110100
0001110001001000010111001100101101110111011101011001111001000110
0001001101001111100000110100110010001101110110111011100011011011
1000100011111010111010001000100000100101100111001001100111010111
0001111011001010111010001111111010011000011100001100100110000110
0001000100010001011100101011010000011111000011011100111101010010
0000111101010001010101010000001110001100000100100000011110000000
0000101101100100011001010100100111101101001100001100101011100100
0110000011111100100110111011010101110010111110000101110011101100
0010111010100010101011001111111000000101101101011100110001001010
0001000010001010000001010110110011010011000100110010110111010000
0000111111111101110100011110101110010000111101111001000001111101
0000111110110000000101000101111010001110001001000001110111010000
0010000100011001101101100110101000110010101000000010000011111100
1001010011111010010000101100100010011001001011101000111010100100
0001000100101100100000101110100011111101010011100000111111100100
0001001000000101011000000010010111010001101101111100100100010000
0111000010110010000111101110110111010111111111111011100100101010
0000100110101101100000001011101000000001101000101110001110001100
0110100101101011001001111001010010001111100011001011010111101000
0000100010001100010011001100010111110011010011100101100011001101
0101011010000101011101111010100100000101111010010111001110010100
0010100111000100010101100100010010100001110011010100010100100011
0101110110101000010010100011010111110100110101111111110010110000
1000111101010010101110000001010001010110100111100011011111100000
1000001001111010110011100100100101001010011111110101000011011010
0101111110110101011010100010101011011101001111111101100001111110
0000101000011101000111101100111010100101000000101011001000110111
0000110111010011011010011011111100110100100011010010010110010100
1000101010010000111100101001100101010000000011001011100011101110
0001110111011001011010111001111111000011110001100101011100100000
0001100111100101000011111000110000111111111010010111100001001110
0011100011001101001010011111110000011101011011001001110110111000
0101010001011000101110001110101100111111111001011000101111010101
0001010110011010011011011000111110001011011100100111001001001100
0100010101011000110110011101010100000010110100101010010000100100
0010110110111011010100101110110011100100011101110010011101110100
0000011100111000110010011010100010101010101001011011001110101010
0000001000110110111101101110100110100101000100000110111001101000
0110101111111011000110100000100110110111101101110001010011011001
0111100101111101101100010001100010010110101011111010001111101011
0000000000001110010101001011001100011100010110011110111010111000
0001101000110111001010110011011111110101100101001100001111111000
0100001110010011000101011110000110111111010000111100110010110010
0000010101011000101011000101100001001010100100100101001000100011
0101101110101110111100010111010101000001100000100111000110010000
0111110001010000100100011101111001101011010101000110011100101001
0101111000000111110000111110100101001101111000101000110100001000
0110001111011100100110110101110010100101110101011101011100011100
1000001001001100000010110000100111000111001110111101110110100000
0000100110100110111011100001010010110110111000101111001011010010
0001011000111110100001101010100100101110101101100010011001110000
1001011000010100001110011101000001110010001011100110101100100100
0100100101101011010110110011111010010010011100000011000010011100
0011111110000001100001000001101111001011011001001011111110101110
1000000111110110011000111110111111111000011100011110100111110100
0101100101001100011010010000110000100000011110111100111010000000
0110110011011111101101110110101111111111101001111011000000111000
1110010111110101111100011100011100111110110100111010000110110110
0001110010010111110010000101001000110001111001001100001000011111
1100100000010001000011101100110000010111011011111011000010010100
0111010000100000011001001100110001000010000100001010000100101010
1001001110011010101110010100010001010001110110000001011100111000
0000110011101010001010011011000000110100011000011011000101000010
0010000101110011110100101100011010010110011001101111100010011100
0010101010011010001100010110010000001000000001001101000011010000
0000100011010001010100111010001100001111011001100010001110010000
1000100011011001010011101001000011100010010000110000011101110011
0101010001110011101100001111101001010110100110100111010000111111
0000101111110000000110101110111100110000111111010001011111001000
0000001100010011100000111110001101111110110001010011100100100000
0011101011001000010000100001110101001111000111000010011011010100
1001100001001010010011110010010001001101001110100000001000111110
0001010011101001111111000100011111101101101011111110000010001000
0110101001010111111110011101101101101000101100101101000100000100
1001011010110001011011001001011011100111011010011011101101001010
0010101010001001111010111111110110001000111100010011001010001001
0010101010011100110000000110000110010000100000111110111000001010
0110001000101110011110111111001101110101110010001101111011110110
0100001001111011100011111010100100010111000001000111001101011100
0001100111001100111101001001010101100001010110101000010001110000
1000101111010100011001000001100100100010001100001101000001110111
1000100101000001010111010001011111111100111111111111110101111010
0000111001000101011010111011111100000010010011110111110111101000
0111001010010001001101001000111000011011100100100011110101011010
0010001000010111001011110101100001010000111001001101101000111010
1000000000111101011001011110100001111010000110110100010100101000
0000101010000110001001111011101110001100110100100111101100101010
0111111000110000001000111111000001001100100111011001001010110101
0010100101000101110010100110010111001100110111100100110011111111
1001101011000010110101000110111111010110101011111011010110011101
0000111101111110000101100000100011000000011101011000110011110100
0001011000010000001110111001111011111000101101100100010101011000
0001001000000011100101001110100001100101111110011010100101001100
0001011001111010010001110111000000111000101001100000000100110000
0010000001100000011011111101011011000111110101110100101000011000
0010011000100001001101000110100100000011111101101001011001001000
1011011000100101010000000000000111110001010110111110111001100000
0001001000110100100001110110000101110101110101000110001100000000
0000000011001100101101111001011000000001101010100011110010010110
0001010111110100110001010101001000000111110001111100000000001010
0001000110110010011011000010100111000011001010010010100011000011
0000001011011110101011110111001010011000001011100101000000110000
1000011000100000001100100101001111110000000000001101101101100111
0000000111111100011011101010111000010001110001100100100001100000
1011000011001000001111011101001110011000110001100011001011001000
0000001000011001000101110000111001111010100010101000111001000111
0010001110010101000000110110101000111100111110101111110010001010
0000001010100010010101011101011011001010010010111011010101011110
0000101111001100001111000001101110111100101001000000111101100000
0101010101111100010101111111111101111111111001111111000100000101
0001111110010011000011001011101111000100110011111010011110011101
0010110101011000000010111100000110010111010011101001110101010010
1001000000000000001010110000111100010001011100111011001011100100
1010110011101101001001100101101010010100010001101100110100111100
0001100111101011011101010000000110111010100001000001111011101010
0010011010010001101010000101001011001000110001001100011001110000
0110100010000100100001100101100000101110010110001000101011011000
1000011010111001100110010101110011001110011000100101111100011000
0000111100001010110101100000110000000110100011000100001000100110
0001100110110111100011001110010101100010111100111100100000000111
0010010100001010010111110111001010000010001111011100011100000100
0010010011100101111101101101001101100100110110110111111000100100
0011010101101111100001101011111110010111100111011110110001000000
0000011110100000010110101010110000101000110010111010100011000000
0101110101010011110011111011100000101000100111011000000100001010
0011110101011011100011010010010100001100011000010100010000010001
1001010111001111100001100101110111000011000001011111111111110100
0001010001001011110011100010101101010100001100010001110000100110
0111000110011011010001011101010000111110111000110101101110010001
0100101010011010011011110000011100110011111000010110111101111010
0011111100110010110001010001110111100000111001010010001111110111
0000000001001001110000110101100000010110000000111111010010000110
1010101100100000000110110101110111011100010100001111111111010000
0110001101101101011101001111101001010000101000000010110001101111
0011100000101011001011111001011000000110101001001111101101001000
0100110001101011100000010011010000000110001000100000010111011000
0000011100110011100000110101101111011101001011111111000001011100
0101100001001000101100111100001010101010011101001111111010001011
1100111000100011101111100110111110010110100010010110001111100011
1101100100011011000001010011110101001100111010100100100111101101
0000001010110001000101100001100011111111010100011111101011010100
1001101000010111100101110101101111001000000000100011010011101100
0001011101010110000111010111101001011001001110010010011011011000
0010110000001010001110010010100101011000100001001011010111111000
0111100100110110000010111001111100001000011110110010010001001000
0001110101010000011011111011110100011000100011101000011010101101
0110011101100011000111101110101000101000010010111001110000011100
0000000011011111010100000011010110001110101000101101001000001100
0001100101010100010110101010011111011010011111000110101101000000
0000011101010100000100110011100000001000111110111000100111101110
0000111101011011100000001101101011111010111010011010100100111000
0100110100001111010101011100001110010011001110010000100101101001
0111110011100001101000011011111110110000000000100110110110110101
0010100001111001000001011100101110010111110111000100110011100000
1100001000101011101010011111110111101011100100100011100100000100
0100101101100110111000010011101110111000101011111011011111100101
1010110011101101110000011001001101001111101000011000010111101010
1010101011000101110010111100110010011010011001011111111110101000
0001110110101010101001000011000011100011100100010000001010010001
0011111110111111000110010000010100111001000001011110110101101010
0100100011100100001111001001001001100001001000011011010010111010
0000101001110111011011011110011111010100101001111101000010000100
0011000110101110100011101100001010100111011010001010001110110100
0100001101100001110111000001001110010000011011000100011010001100
0011000110110000111010001010011110010110101000001110000000011000
0011111100111111110101001100101110010001010001010011010111001111
0100101111100001001110001100000011101101100101111110110111111000
0000100101011100010011100100101011110001010011000011011101000110
0110111001101001011100011000011100010001000011111110001010001100
0000001000010111001110100000000000110011111010110101010111011100
0101100001101001111011000001011101000110101100001011101000100000
0000010110101110010100100101100101100101010001010010100100011010
0001110101101011101111011111110011010100000111000100001011101101
0001101111100101001100110101000010101111111101100101100001000000
0001010111000100110100101001110010100010011101000101110000000000
0010000111101110011000111111100110010110111010001011111111101100
0100011011111011111011100011111101001000100000010100100010101000
0100010011000011111110011101000010011100010001000011111100100101
0000110000000011110110101111011001101010110001000001111101001000
1001110010100011010101001110001101000000001000111111000001010001
0000000000000100100110111000011010101100010000010111000100111000
0010100101011010011001110101010100111100100001100011100010001000
1100000001000000001101011001110100110100011111110110000100101011
0001001100100110110101011010000101110000010111101110111010000010
0101011101111011000011001010100100111010011100101100010110001001
1000001010110100000011010110010010001010101011101000011100010110
1010111001100100011100111110100101110101001110011011111000000100
0110111101001010101001000001000000111010011010000101001001000000
0111100101001110110111111111011100011010011100100111001101001100
0001111000000001110011001001000110100111101011111011100101101100
0110000001111101001111001110010100111011011010110101101011001010
0110100100000011100011100100001110111010001110000110100010000100
0000110011000100011001000001011001001111101111111000101101000101
0000100101001000001110010010100111100100101001000000000110010111
0111110110110111101101101110011011000000110110101111100111101100
0000111111101000011100111101010001100111000010001100100111101111
0000110100000011101101011001101101011101101110000100010111110000
0001101011000100001011110110000110000011001101100101111001010000
1010000000001001100010101001100011110011110110011011101011010010
0010111101100001101000011111111011101101100011011000110100100000
1100011111010111110110110001010100001110001010010011100011110000
0000000110001010011000110111110010001011101101100111011011000011
0110101101100110100001010001100000110011111110110000011110110000
0001100111111111010010010111110101001010101000010100000000000000
0001110001010111000111111111100001010011010000011001101010010000
0100111010100001001001000101011000010000100010100010100011010110
0000101000000111011101010001110111000010111001011110001101111000
0011011111010011101001111111011100110011011000111101101010111100
1001110000101110001101011101010111111111100101111111110011100000
1001111110001100000010010110110010001011101010110101100010010010
0100111101111011000011001101100101111011100001001010001010000101
0100100001111010101111110000101101111111110101001010001110111011
0001010111101111001110001010100100101011010101011010100110110000
0010100011000011110111001111110011010101111101100000111001000000
0000100010010010101000111011000011110010101100110001101000001000
0001000011101000110000000101111010001000111111111011111100000100
0101100100011010010001000110110001010011000100110010001001011000
0110011001100111000001111001001101010100101110111011010011010010
0000100011001100111011110101000110101101011001011010111011010000
0011000110110000101011011010001000001101100010101100000000100100
0101000111110000010010001010011110111010001001100100010110100101
1000001000101010101001011000110001000011010001010101110111001100
0000101101110010100101010001001111010101011010110111001010000000
1000010100101111100011000001111100001010010001011110011110000110
1011010101011110010010011001010000111110110101010100010000011100
0001111000010011100101001111000110111110011101001011101000110110
0000010110101111001110110000010110110011001101000111111101000100
0010001111100000110011111010101001111100101000110111110101010000
0011010011100010001000101000010111001101101011010011001010011100
0001100001111001010001000101111111011110010110110111101000110101
0100101011011110010000011010111101100111000001101101110111100000
1001010001110110100111110110100001010000000010001101111000101000
0101110111101110100111011100011011001000101000111010111111011000
0000011010100001001000110001011001101011111110000000001111110110
0110111101101110011100010000101001110010011110110001101001001000
0011100000101100011100010000000001110110110110101011111111010100
1000010001001000101010110001100011000100100000001011100011110000
0011000001001111011111011010111001011011001000101110101001001000
0001101010011110010000000000110111001110100001100100000000011001
0111001011111010111010001101011100101111000110101110110001110001
0101010000001000001000000111100011111011111000111101111010101000
0011110010010111001001100110011010100110000111001001000111101010
0110100010111101001010110110000101000100001000101011111001010100
0010010011101101101000110000110000111111100110011010100101001110
0001100000010010101000010100001001110000101100110011101111111100
0100000101110000010010000001111010010100101110001011001101011100
0001000110100101010100000110001110010011111100111111100000000110
0010011100010010011010110010100101100111100111000010100111101011
0101010100101000000011101001101010000010001010111101011011101110
0000111011100110011000101100011111110111100110100001001110000110
1100111100101100000000111111001101001010101001110110001010011010
1101010101110000000001011101010010101101110011110011011010100100
0110010110100101010000101111010110010111111001100110100001011101
0111011010000011000111001111010111010010010111101011110100111000
1010010101011111110101001110110010011100001110110111100110011000
0110100110100100100101100000111111110111101110100101000001100100
0000101101110000101111000010001010111101011011010100000111001100
0000001010000000011000111011101011001100001111110101110100010100
0101001010011110011010010001110000101101101011011011111000001010
1001110101011001110010111100010011011111101100100001110110000000
0000010111001000100101000101110010010100000000101011000100101011
0000000010001101101000010110001010000100110111011100110010011000
0000000001011101111110101101100111110111110000001100110011000000
0010011110001101010100110010101101011110111010101101101000001001
0000110000100101000100110010111011001010011101111011111100000000
0000000010100010110101111010010010011000110010111011001111001000
1101100000001110100001000001111101100010100000110010011001101001
1001011111101000100001000001001000110111010101011110100001000000
0001000111110100101010011001010100100101110011010100011101000110
0110110010100001011111111111100001110100100011000001001101010100
0101010111010110001110011011110110101001100110110110111111011000
0000010110000101110000010101100110101011110111010100010111101110
0011111011000011001000011110000001000100010101110000010110100000
0011001110111010100001010010110110100101001111001101100001011001
0110100010001011100101010001100000100110010111110111110111101001
1000101000010110001000000000101010011010100110110001010110101100
0000010000011010011010001110111010100110010101111000101000110000
0100010010001000101001111100111100011001111110110000011101101100
0000010101100111001100001000101001001111110100101011001000100000
0001000011101110011001100000101001000101010100111011000010110000
0110101111100101001011101100011010011100110000000111100100000011
1101100011100111100001010101101101000100100000010101011101011100
0010110110001101111100111111000100000000100001101001100011000010
1011110110001001111011110101000000100000001001010010000000101110
1110010000001110101100011000001001000110101001100100011001101110
0111101011011001100111000110100111010011011000110111001101110110
0000011010100010110000010001010010111111000010011010101100000101
0110010111100010100011001111101111110111000001101000101100010000
0001011100010110001000001001000001111110100110101100011010110111
0001000000000001110011010001010010101101101100100100100010101011
0100010001111000011000001011110010001010111001110110010001011110
0001001101001000001010011100110110000011011001001010110001000000
0000101011100100010011110000110111111001001011010110110101111001
0001100011100001111100010111100011010000000000100110100000011000
1110110011010111010100101000001111011001010001000011001001111000
0011100001010101100001110111011100010010000100111010011000011000
0100011000011110111111111110011001100111101101101111111110011100
0011100011000100101011000101101011110100010000100110001010100000
0010110100101110010011001101111000100010100000010010001111110000
0111011111010101010111111001001011001101110010010001100010101111
0011100101100010000001000010100001100000110001011110011101001100
0000011110101010100000011010101000011110000010000010001100001000
0000000111001001100111001010100011110011001010100101011010011111
0000111000000011000010110101110001000010010001101010110111111101
0000100011110011110101101101101011010001110011001010001101110000
0100110001011010011000011001001001101100111011110110010011100101
1000001011010100110101110110001010000111001100011011111110111100
0011001001010000001000111101011000000111010111110101111110010101
0000001110010101110100111011111101000101101100000001011001000110
1000011100000110110001111010100000110101110100100110001100111100
0001100001111000100011010101101011010110010011000110011001010010
0001001101001011000010100110101001100110110011110001010101010101
0101111101000011110101111101000000001001010011111011011111100000
0000000010011010010101101010110101011100011011101000010111000000
0011010100010110110101101110000101001010111111100111111100101100
0101100000110110011000100011001010101101110111001110011110001100
0011111011001010011110001101100111000010111110011110101011000000
0000100101100101101100110010011100011110000010101000000110110000
0010011100011011110100111110011110010011011110001000001100000000
0001010110001110001101110101010100101110010101100111001100000001
0001010101110000000001010000000110101010111101110011001001110010
0001010001000001101100111111010111000011011111101011111101001110
0001100000000011100101001001011001010110111101100001111101010000
0111011101011101111101110110010000001001000101010000000100101000
0011110101101111011010011001110011000111011111100000101101101000
0011101100100100001110010010000100101101011011011010111001001111
0000111011111011011000110100101010011001100000100111011010010100
0011010000101111111100101101110001101100100000101011101101100100
0001101101111001000111111010111100110000011000011101110110100101
0000110011100001010000011000001101010110110001010001110001110010
1011101101101011101110010100011101001000010010001001100111011010
1010001100101010010001001010100000001111111010111000110011000010
0101100010010111000110101111000111000001011000010001110001011011
0011111101001000000111010000010010100000110100111011010100000000
0011000010001000110101101001101101011100100101001110110101101110
0010010010001000100010000100110110000010011011011110001000000000
0000011010010101100010101011001010110000010010011110001110001000
0001010010000010001010001010111001000010100111101110100001010000
0000000011100111000001111000101001001100000011001010110101011001
0100110011111101111000111111010111011010010100011001010000110000
0111001011001110011111011111110000100100011100001110000110110100
0000000001000100101011111101111001111010101111001011110001110011
0010001011001110111010010110001100100100101111011010110111111111
0001110110011010010100000011111000001001001010010000101000000111
0001000111010000111110100101000010111000010000010100010000101110
1110000001000010000001110011101101100100100010101011110101111101
1000010000111101010100100010010110101100110011101101000100000001
0111011011101001110011011001100101111011001010110011001100000100
0100111001100101101011000111011101100100010010101100101100111010
0000111100010100001011110111110101001100000001000111111011110111
0100001010001011011010010001001010101000101111111110111010000000
0010011111001110011110010111110111011010110110110110101110101101
0111111001110001101111000110010001110111101100101101001100000010
1110010110010001111000011010101001011111100011011010011011101111
0111100000000110011011000010111100100101010000000011010010110010
0000110011101011001100000100010100101001110011111110000110011000
0000001100011010111000000000010101011110001001010010000100001101
0001011011011000001100101101110001100110011001000111010101110011
1000110101101010000101101011101110011001011001100110101100100000
1110101110111110110010000000110110100100010101110000010010100111
0010101000101001101110001110101010100101100110101000011110110000
1010001010111000110101011111101001100010100001100101100100110100
0000010101100011000001101100011100000010101111100111101000101011
0100000111001000100001100111010011001001111111100110100110100110
0010111111110001001110001010110111100000010100111001100011101111
0100001101100101011100000101101111111101111000011000011100110110
1001000100101111110001000101110010011101100010101100000010100001
0000010011011000111110000111101000011010111000001100010000011010
1001100111111101000000101100000001000100010010110100111100000000
0110111110110100011010000100001001101001110001101000010101110010
0000000000001101110011101011111000010011110101010010011111111111
0001010010100011110011001111011011011000001101011101111011011101
0010000100000001101001010111000010010100101110001110001100111100
0000010110101110001000100101111011110011011100110110011001110000
0100000001010110110110000111010011101100010101011010100100100110
0110010101100010000011111100000101101111001110101110110101010000
0000000010110100011110001100000010001111111000000110001010111101
0000101111110101010110001110001100100111010010111000110001110100
0101001111001101100101001110001001111110101000100000111001001010
0010110001101000001010000110100001100001111001001100010110000100
0011101111100000000010110010011111010000101111111000010110010001
0101100111101010011100001111111111101010011110001010101101011011
0000100011111000111010110100000000010011011010010110001011000000
0001001101101111011010111111100001110000011011100000010011001100
0000001100011010010010001010001101010011100000111001011010011001
0111011111110000111000110100110011110001010011011111110110001111
0101001001011001010111100010010000001101100111000101111011011010
0001011100011010010011101100100010010011101000001011000110110100
0000000010010100001111011101000011001010011010111010100101110110
0000111101111100101001111001101111010011000100011100100011100000
0001010000101010010101110000001001110111110100011001001110001011
0000010000111010100101101111010000110100101111001011010110101010
0010010101101100110010111111011101111010000100110001011011010110
0100101001100110101110111101110100000001000110101001000011001000
0001001110101000110111110110100000010010101101100101110011000000
0100001011010011100110100100111110101100011101101101011010100000
0000111000110011010000010001111100101010000101110011111010111010
0111010001101101011010100001000001110001001000101000001110000011
1000101001001011010001011101001010111000001110010010101000101000
0011111110001010111000010010011000010100011000010010000111101100
0111110111010100010000111000010101011001101101000110010111011000
1000011000100100100001111001110010011010101010010010010010000111
0000110100000001100111111110100011001011101010101101110110110111
