114
94
69
42
2
-53
-103
-126
-128
-122
-103
-76
-41
-2
37
71
97
114
119
113
95
68
35
-5
-43
-79
-105
-123
-126
-122
-103
-76
-41
-2
36
68
94
132
162
147
89
32
-7
-43
-78
-105
-123
-126
-122
-103
-76
-41
-2
37
71
96
114
119
123
114
76
11
-46
-82
-106
-123
-126
-122
-103
-76
-41
-2
37
71
97
114
119
113
95
68
35
-4
-42
-77
-103
-121
-125
-122
-106
-81
-35
29
88
117
121
113
95
68
35
-5
-43
-79
-105
-124
-127
-124
-105
-78
-42
-4
36
70
96
114
120
115
97
70
36
-3
-42
-77
-103
-121
-125
-122
-104
-77
-42
-3
37
71
97
114
119
113
95
69
36
-4
-42
-78
-105
-124
-127
-123
-104
-77
-41
-3
36
70
96
114
120
115
97
74
42
-15
-103
-175
-177
-138
-100
-73
-41
-2
37
70
96
113
118
113
96
70
37
-3
-42
-77
-104
-123
-126
