84
52
20
-24
-52
-100
-120
-140
-140
-136
-112
-88
-44
-12
28
64
92
104
112
100
84
52
20
-24
-52
-100
-120
-140
-140
-136
-112
-88
-44
-12
28
64
92
108
116
104
88
60
24
-20
-48
-96
-120
-140
-140
-136
-112
-88
-44
-12
28
64
92
108
116
104
88
56
20
-24
-52
-100
-120
-140
-140
-136
-112
-88
-44
-12
28
64
92
104
112
100
84
52
20
-20
-48
-92
-112
-132
-136
-136
-116
-96
-52
-20
24
56
88
100
108
96
84
52
20
-24
-52
-100
-124
-152
-136
-76
-16
32
64
88
104
116
108
92
60
24
-16
-48
-92
-112
-132
-136
-136
-116
-92
-48
-16
28
64
92
104
112
100
84
56
24
-20
-48
-96
-120
-144
-144
-140
-116
-92
-44
-16
24
60
88
104
116
108
92
60
24
-20
-52
-96
-116
-136
-136
-132
-112
-88
-44
-12
28
60
88
100
108
100
88
60
28
-16
-48
-92
