-256
-256
84
-256
20
252
-52
252
-120
252
-140
-136
252
-88
252
-12
-256
64
-256
104
-256
-256
84
-256
20
252
-52
252
-120
252
-140
-136
252
-88
252
-12
-256
64
-256
108
-256
-256
88
-256
24
252
-48
252
-120
252
-140
-136
252
-88
252
-12
-256
64
-256
108
-256
-256
88
-256
20
252
-52
252
-120
252
-140
-136
252
-88
252
-12
-256
64
-256
104
-256
-256
84
-256
20
252
-48
252
-112
252
-136
-136
252
-96
252
-20
-256
56
-256
100
-256
-256
84
-256
20
252
-52
252
-120
252
-144
-144
252
-96
252
-20
-256
60
-256
104
-256
-256
92
-256
24
252
-48
252
-112
252
-136
-136
252
-92
252
-16
-256
64
-256
104
-256
-256
84
-256
24
252
-48
252
-120
252
-144
-140
252
-92
252
-16
-256
60
-256
104
-256
-256
92
-256
24
252
-52
252
-116
252
-136
-132
252
-88
252
-12
-256
60
-256
100
-256
-256
88
-256
28
252
-48
252
-116
252
-140
